OceanMesh2D                                                                     
        4228
           1
 mannings_n_at_sea_floor                                                        
 unitless                                                                       
           1
  0.220000000E-01
mannings_n_at_sea_floor                                                         
           6
    941415    0.80000000E-01
   1014149   -0.89173501E+05
   1163227   -0.13357546E+04
   1173775    0.80000000E-01
   1226100    0.80000000E-01
   1226101    0.80000000E-01
