Lynch and Gray Cartesian test case, n = 0
576           325
       1 6.00000000000000e+004 0.00000000000000e+000 3.00000000000000e+000
       2 6.00000000000000e+004 3.75000000000000e+003 3.00000000000000e+000
       3 6.00000000000000e+004 7.50000000000000e+003 3.00000000000000e+000
       4 6.00000000000000e+004 1.12500000000000e+004 3.00000000000000e+000
       5 6.00000000000000e+004 1.50000000000000e+004 3.00000000000000e+000
       6 6.00000000000000e+004 1.87500000000000e+004 3.00000000000000e+000
       7 6.00000000000000e+004 2.25000000000000e+004 3.00000000000000e+000
       8 6.00000000000000e+004 2.62500000000000e+004 3.00000000000000e+000
       9 6.00000000000000e+004 3.00000000000000e+004 3.00000000000000e+000
      10 6.00000000000000e+004 3.37500000000000e+004 3.00000000000000e+000
      11 6.00000000000000e+004 3.75000000000000e+004 3.00000000000000e+000
      12 6.00000000000000e+004 4.12500000000000e+004 3.00000000000000e+000
      13 6.00000000000000e+004 4.50000000000000e+004 3.00000000000000e+000
      14 6.37500000000000e+004 0.00000000000000e+000 3.00000000000000e+000
      15 6.37500000000000e+004 3.75000000000000e+003 3.00000000000000e+000
      16 6.37500000000000e+004 7.50000000000000e+003 3.00000000000000e+000
      17 6.37500000000000e+004 1.12500000000000e+004 3.00000000000000e+000
      18 6.37500000000000e+004 1.50000000000000e+004 3.00000000000000e+000
      19 6.37500000000000e+004 1.87500000000000e+004 3.00000000000000e+000
      20 6.37500000000000e+004 2.25000000000000e+004 3.00000000000000e+000
      21 6.37500000000000e+004 2.62500000000000e+004 3.00000000000000e+000
      22 6.37500000000000e+004 3.00000000000000e+004 3.00000000000000e+000
      23 6.37500000000000e+004 3.37500000000000e+004 3.00000000000000e+000
      24 6.37500000000000e+004 3.75000000000000e+004 3.00000000000000e+000
      25 6.37500000000000e+004 4.12500000000000e+004 3.00000000000000e+000
      26 6.37500000000000e+004 4.50000000000000e+004 3.00000000000000e+000
      27 6.75000000000000e+004 0.00000000000000e+000 3.00000000000000e+000
      28 6.75000000000000e+004 3.75000000000000e+003 3.00000000000000e+000
      29 6.75000000000000e+004 7.50000000000000e+003 3.00000000000000e+000
      30 6.75000000000000e+004 1.12500000000000e+004 3.00000000000000e+000
      31 6.75000000000000e+004 1.50000000000000e+004 3.00000000000000e+000
      32 6.75000000000000e+004 1.87500000000000e+004 3.00000000000000e+000
      33 6.75000000000000e+004 2.25000000000000e+004 3.00000000000000e+000
      34 6.75000000000000e+004 2.62500000000000e+004 3.00000000000000e+000
      35 6.75000000000000e+004 3.00000000000000e+004 3.00000000000000e+000
      36 6.75000000000000e+004 3.37500000000000e+004 3.00000000000000e+000
      37 6.75000000000000e+004 3.75000000000000e+004 3.00000000000000e+000
      38 6.75000000000000e+004 4.12500000000000e+004 3.00000000000000e+000
      39 6.75000000000000e+004 4.50000000000000e+004 3.00000000000000e+000
      40 7.12500000000000e+004 0.00000000000000e+000 3.00000000000000e+000
      41 7.12500000000000e+004 3.75000000000000e+003 3.00000000000000e+000
      42 7.12500000000000e+004 7.50000000000000e+003 3.00000000000000e+000
      43 7.12500000000000e+004 1.12500000000000e+004 3.00000000000000e+000
      44 7.12500000000000e+004 1.50000000000000e+004 3.00000000000000e+000
      45 7.12500000000000e+004 1.87500000000000e+004 3.00000000000000e+000
      46 7.12500000000000e+004 2.25000000000000e+004 3.00000000000000e+000
      47 7.12500000000000e+004 2.62500000000000e+004 3.00000000000000e+000
      48 7.12500000000000e+004 3.00000000000000e+004 3.00000000000000e+000
      49 7.12500000000000e+004 3.37500000000000e+004 3.00000000000000e+000
      50 7.12500000000000e+004 3.75000000000000e+004 3.00000000000000e+000
      51 7.12500000000000e+004 4.12500000000000e+004 3.00000000000000e+000
      52 7.12500000000000e+004 4.50000000000000e+004 3.00000000000000e+000
      53 7.50000000000000e+004 0.00000000000000e+000 3.00000000000000e+000
      54 7.50000000000000e+004 3.75000000000000e+003 3.00000000000000e+000
      55 7.50000000000000e+004 7.50000000000000e+003 3.00000000000000e+000
      56 7.50000000000000e+004 1.12500000000000e+004 3.00000000000000e+000
      57 7.50000000000000e+004 1.50000000000000e+004 3.00000000000000e+000
      58 7.50000000000000e+004 1.87500000000000e+004 3.00000000000000e+000
      59 7.50000000000000e+004 2.25000000000000e+004 3.00000000000000e+000
      60 7.50000000000000e+004 2.62500000000000e+004 3.00000000000000e+000
      61 7.50000000000000e+004 3.00000000000000e+004 3.00000000000000e+000
      62 7.50000000000000e+004 3.37500000000000e+004 3.00000000000000e+000
      63 7.50000000000000e+004 3.75000000000000e+004 3.00000000000000e+000
      64 7.50000000000000e+004 4.12500000000000e+004 3.00000000000000e+000
      65 7.50000000000000e+004 4.50000000000000e+004 3.00000000000000e+000
      66 7.87500000000000e+004 0.00000000000000e+000 3.00000000000000e+000
      67 7.87500000000000e+004 3.75000000000000e+003 3.00000000000000e+000
      68 7.87500000000000e+004 7.50000000000000e+003 3.00000000000000e+000
      69 7.87500000000000e+004 1.12500000000000e+004 3.00000000000000e+000
      70 7.87500000000000e+004 1.50000000000000e+004 3.00000000000000e+000
      71 7.87500000000000e+004 1.87500000000000e+004 3.00000000000000e+000
      72 7.87500000000000e+004 2.25000000000000e+004 3.00000000000000e+000
      73 7.87500000000000e+004 2.62500000000000e+004 3.00000000000000e+000
      74 7.87500000000000e+004 3.00000000000000e+004 3.00000000000000e+000
      75 7.87500000000000e+004 3.37500000000000e+004 3.00000000000000e+000
      76 7.87500000000000e+004 3.75000000000000e+004 3.00000000000000e+000
      77 7.87500000000000e+004 4.12500000000000e+004 3.00000000000000e+000
      78 7.87500000000000e+004 4.50000000000000e+004 3.00000000000000e+000
      79 8.25000000000000e+004 0.00000000000000e+000 3.00000000000000e+000
      80 8.25000000000000e+004 3.75000000000000e+003 3.00000000000000e+000
      81 8.25000000000000e+004 7.50000000000000e+003 3.00000000000000e+000
      82 8.25000000000000e+004 1.12500000000000e+004 3.00000000000000e+000
      83 8.25000000000000e+004 1.50000000000000e+004 3.00000000000000e+000
      84 8.25000000000000e+004 1.87500000000000e+004 3.00000000000000e+000
      85 8.25000000000000e+004 2.25000000000000e+004 3.00000000000000e+000
      86 8.25000000000000e+004 2.62500000000000e+004 3.00000000000000e+000
      87 8.25000000000000e+004 3.00000000000000e+004 3.00000000000000e+000
      88 8.25000000000000e+004 3.37500000000000e+004 3.00000000000000e+000
      89 8.25000000000000e+004 3.75000000000000e+004 3.00000000000000e+000
      90 8.25000000000000e+004 4.12500000000000e+004 3.00000000000000e+000
      91 8.25000000000000e+004 4.50000000000000e+004 3.00000000000000e+000
      92 8.62500000000000e+004 0.00000000000000e+000 3.00000000000000e+000
      93 8.62500000000000e+004 3.75000000000000e+003 3.00000000000000e+000
      94 8.62500000000000e+004 7.50000000000000e+003 3.00000000000000e+000
      95 8.62500000000000e+004 1.12500000000000e+004 3.00000000000000e+000
      96 8.62500000000000e+004 1.50000000000000e+004 3.00000000000000e+000
      97 8.62500000000000e+004 1.87500000000000e+004 3.00000000000000e+000
      98 8.62500000000000e+004 2.25000000000000e+004 3.00000000000000e+000
      99 8.62500000000000e+004 2.62500000000000e+004 3.00000000000000e+000
     100 8.62500000000000e+004 3.00000000000000e+004 3.00000000000000e+000
     101 8.62500000000000e+004 3.37500000000000e+004 3.00000000000000e+000
     102 8.62500000000000e+004 3.75000000000000e+004 3.00000000000000e+000
     103 8.62500000000000e+004 4.12500000000000e+004 3.00000000000000e+000
     104 8.62500000000000e+004 4.50000000000000e+004 3.00000000000000e+000
     105 9.00000000000000e+004 0.00000000000000e+000 3.00000000000000e+000
     106 9.00000000000000e+004 3.75000000000000e+003 3.00000000000000e+000
     107 9.00000000000000e+004 7.50000000000000e+003 3.00000000000000e+000
     108 9.00000000000000e+004 1.12500000000000e+004 3.00000000000000e+000
     109 9.00000000000000e+004 1.50000000000000e+004 3.00000000000000e+000
     110 9.00000000000000e+004 1.87500000000000e+004 3.00000000000000e+000
     111 9.00000000000000e+004 2.25000000000000e+004 3.00000000000000e+000
     112 9.00000000000000e+004 2.62500000000000e+004 3.00000000000000e+000
     113 9.00000000000000e+004 3.00000000000000e+004 3.00000000000000e+000
     114 9.00000000000000e+004 3.37500000000000e+004 3.00000000000000e+000
     115 9.00000000000000e+004 3.75000000000000e+004 3.00000000000000e+000
     116 9.00000000000000e+004 4.12500000000000e+004 3.00000000000000e+000
     117 9.00000000000000e+004 4.50000000000000e+004 3.00000000000000e+000
     118 9.37500000000000e+004 0.00000000000000e+000 3.00000000000000e+000
     119 9.37500000000000e+004 3.75000000000000e+003 3.00000000000000e+000
     120 9.37500000000000e+004 7.50000000000000e+003 3.00000000000000e+000
     121 9.37500000000000e+004 1.12500000000000e+004 3.00000000000000e+000
     122 9.37500000000000e+004 1.50000000000000e+004 3.00000000000000e+000
     123 9.37500000000000e+004 1.87500000000000e+004 3.00000000000000e+000
     124 9.37500000000000e+004 2.25000000000000e+004 3.00000000000000e+000
     125 9.37500000000000e+004 2.62500000000000e+004 3.00000000000000e+000
     126 9.37500000000000e+004 3.00000000000000e+004 3.00000000000000e+000
     127 9.37500000000000e+004 3.37500000000000e+004 3.00000000000000e+000
     128 9.37500000000000e+004 3.75000000000000e+004 3.00000000000000e+000
     129 9.37500000000000e+004 4.12500000000000e+004 3.00000000000000e+000
     130 9.37500000000000e+004 4.50000000000000e+004 3.00000000000000e+000
     131 9.75000000000000e+004 0.00000000000000e+000 3.00000000000000e+000
     132 9.75000000000000e+004 3.75000000000000e+003 3.00000000000000e+000
     133 9.75000000000000e+004 7.50000000000000e+003 3.00000000000000e+000
     134 9.75000000000000e+004 1.12500000000000e+004 3.00000000000000e+000
     135 9.75000000000000e+004 1.50000000000000e+004 3.00000000000000e+000
     136 9.75000000000000e+004 1.87500000000000e+004 3.00000000000000e+000
     137 9.75000000000000e+004 2.25000000000000e+004 3.00000000000000e+000
     138 9.75000000000000e+004 2.62500000000000e+004 3.00000000000000e+000
     139 9.75000000000000e+004 3.00000000000000e+004 3.00000000000000e+000
     140 9.75000000000000e+004 3.37500000000000e+004 3.00000000000000e+000
     141 9.75000000000000e+004 3.75000000000000e+004 3.00000000000000e+000
     142 9.75000000000000e+004 4.12500000000000e+004 3.00000000000000e+000
     143 9.75000000000000e+004 4.50000000000000e+004 3.00000000000000e+000
     144 1.01250000000000e+005 0.00000000000000e+000 3.00000000000000e+000
     145 1.01250000000000e+005 3.75000000000000e+003 3.00000000000000e+000
     146 1.01250000000000e+005 7.50000000000000e+003 3.00000000000000e+000
     147 1.01250000000000e+005 1.12500000000000e+004 3.00000000000000e+000
     148 1.01250000000000e+005 1.50000000000000e+004 3.00000000000000e+000
     149 1.01250000000000e+005 1.87500000000000e+004 3.00000000000000e+000
     150 1.01250000000000e+005 2.25000000000000e+004 3.00000000000000e+000
     151 1.01250000000000e+005 2.62500000000000e+004 3.00000000000000e+000
     152 1.01250000000000e+005 3.00000000000000e+004 3.00000000000000e+000
     153 1.01250000000000e+005 3.37500000000000e+004 3.00000000000000e+000
     154 1.01250000000000e+005 3.75000000000000e+004 3.00000000000000e+000
     155 1.01250000000000e+005 4.12500000000000e+004 3.00000000000000e+000
     156 1.01250000000000e+005 4.50000000000000e+004 3.00000000000000e+000
     157 1.05000000000000e+005 0.00000000000000e+000 3.00000000000000e+000
     158 1.05000000000000e+005 3.75000000000000e+003 3.00000000000000e+000
     159 1.05000000000000e+005 7.50000000000000e+003 3.00000000000000e+000
     160 1.05000000000000e+005 1.12500000000000e+004 3.00000000000000e+000
     161 1.05000000000000e+005 1.50000000000000e+004 3.00000000000000e+000
     162 1.05000000000000e+005 1.87500000000000e+004 3.00000000000000e+000
     163 1.05000000000000e+005 2.25000000000000e+004 3.00000000000000e+000
     164 1.05000000000000e+005 2.62500000000000e+004 3.00000000000000e+000
     165 1.05000000000000e+005 3.00000000000000e+004 3.00000000000000e+000
     166 1.05000000000000e+005 3.37500000000000e+004 3.00000000000000e+000
     167 1.05000000000000e+005 3.75000000000000e+004 3.00000000000000e+000
     168 1.05000000000000e+005 4.12500000000000e+004 3.00000000000000e+000
     169 1.05000000000000e+005 4.50000000000000e+004 3.00000000000000e+000
     170 1.08750000000000e+005 0.00000000000000e+000 3.00000000000000e+000
     171 1.08750000000000e+005 3.75000000000000e+003 3.00000000000000e+000
     172 1.08750000000000e+005 7.50000000000000e+003 3.00000000000000e+000
     173 1.08750000000000e+005 1.12500000000000e+004 3.00000000000000e+000
     174 1.08750000000000e+005 1.50000000000000e+004 3.00000000000000e+000
     175 1.08750000000000e+005 1.87500000000000e+004 3.00000000000000e+000
     176 1.08750000000000e+005 2.25000000000000e+004 3.00000000000000e+000
     177 1.08750000000000e+005 2.62500000000000e+004 3.00000000000000e+000
     178 1.08750000000000e+005 3.00000000000000e+004 3.00000000000000e+000
     179 1.08750000000000e+005 3.37500000000000e+004 3.00000000000000e+000
     180 1.08750000000000e+005 3.75000000000000e+004 3.00000000000000e+000
     181 1.08750000000000e+005 4.12500000000000e+004 3.00000000000000e+000
     182 1.08750000000000e+005 4.50000000000000e+004 3.00000000000000e+000
     183 1.12500000000000e+005 0.00000000000000e+000 3.00000000000000e+000
     184 1.12500000000000e+005 3.75000000000000e+003 3.00000000000000e+000
     185 1.12500000000000e+005 7.50000000000000e+003 3.00000000000000e+000
     186 1.12500000000000e+005 1.12500000000000e+004 3.00000000000000e+000
     187 1.12500000000000e+005 1.50000000000000e+004 3.00000000000000e+000
     188 1.12500000000000e+005 1.87500000000000e+004 3.00000000000000e+000
     189 1.12500000000000e+005 2.25000000000000e+004 3.00000000000000e+000
     190 1.12500000000000e+005 2.62500000000000e+004 3.00000000000000e+000
     191 1.12500000000000e+005 3.00000000000000e+004 3.00000000000000e+000
     192 1.12500000000000e+005 3.37500000000000e+004 3.00000000000000e+000
     193 1.12500000000000e+005 3.75000000000000e+004 3.00000000000000e+000
     194 1.12500000000000e+005 4.12500000000000e+004 3.00000000000000e+000
     195 1.12500000000000e+005 4.50000000000000e+004 3.00000000000000e+000
     196 1.16250000000000e+005 0.00000000000000e+000 3.00000000000000e+000
     197 1.16250000000000e+005 3.75000000000000e+003 3.00000000000000e+000
     198 1.16250000000000e+005 7.50000000000000e+003 3.00000000000000e+000
     199 1.16250000000000e+005 1.12500000000000e+004 3.00000000000000e+000
     200 1.16250000000000e+005 1.50000000000000e+004 3.00000000000000e+000
     201 1.16250000000000e+005 1.87500000000000e+004 3.00000000000000e+000
     202 1.16250000000000e+005 2.25000000000000e+004 3.00000000000000e+000
     203 1.16250000000000e+005 2.62500000000000e+004 3.00000000000000e+000
     204 1.16250000000000e+005 3.00000000000000e+004 3.00000000000000e+000
     205 1.16250000000000e+005 3.37500000000000e+004 3.00000000000000e+000
     206 1.16250000000000e+005 3.75000000000000e+004 3.00000000000000e+000
     207 1.16250000000000e+005 4.12500000000000e+004 3.00000000000000e+000
     208 1.16250000000000e+005 4.50000000000000e+004 3.00000000000000e+000
     209 1.20000000000000e+005 0.00000000000000e+000 3.00000000000000e+000
     210 1.20000000000000e+005 3.75000000000000e+003 3.00000000000000e+000
     211 1.20000000000000e+005 7.50000000000000e+003 3.00000000000000e+000
     212 1.20000000000000e+005 1.12500000000000e+004 3.00000000000000e+000
     213 1.20000000000000e+005 1.50000000000000e+004 3.00000000000000e+000
     214 1.20000000000000e+005 1.87500000000000e+004 3.00000000000000e+000
     215 1.20000000000000e+005 2.25000000000000e+004 3.00000000000000e+000
     216 1.20000000000000e+005 2.62500000000000e+004 3.00000000000000e+000
     217 1.20000000000000e+005 3.00000000000000e+004 3.00000000000000e+000
     218 1.20000000000000e+005 3.37500000000000e+004 3.00000000000000e+000
     219 1.20000000000000e+005 3.75000000000000e+004 3.00000000000000e+000
     220 1.20000000000000e+005 4.12500000000000e+004 3.00000000000000e+000
     221 1.20000000000000e+005 4.50000000000000e+004 3.00000000000000e+000
     222 1.23750000000000e+005 0.00000000000000e+000 3.00000000000000e+000
     223 1.23750000000000e+005 3.75000000000000e+003 3.00000000000000e+000
     224 1.23750000000000e+005 7.50000000000000e+003 3.00000000000000e+000
     225 1.23750000000000e+005 1.12500000000000e+004 3.00000000000000e+000
     226 1.23750000000000e+005 1.50000000000000e+004 3.00000000000000e+000
     227 1.23750000000000e+005 1.87500000000000e+004 3.00000000000000e+000
     228 1.23750000000000e+005 2.25000000000000e+004 3.00000000000000e+000
     229 1.23750000000000e+005 2.62500000000000e+004 3.00000000000000e+000
     230 1.23750000000000e+005 3.00000000000000e+004 3.00000000000000e+000
     231 1.23750000000000e+005 3.37500000000000e+004 3.00000000000000e+000
     232 1.23750000000000e+005 3.75000000000000e+004 3.00000000000000e+000
     233 1.23750000000000e+005 4.12500000000000e+004 3.00000000000000e+000
     234 1.23750000000000e+005 4.50000000000000e+004 3.00000000000000e+000
     235 1.27500000000000e+005 0.00000000000000e+000 3.00000000000000e+000
     236 1.27500000000000e+005 3.75000000000000e+003 3.00000000000000e+000
     237 1.27500000000000e+005 7.50000000000000e+003 3.00000000000000e+000
     238 1.27500000000000e+005 1.12500000000000e+004 3.00000000000000e+000
     239 1.27500000000000e+005 1.50000000000000e+004 3.00000000000000e+000
     240 1.27500000000000e+005 1.87500000000000e+004 3.00000000000000e+000
     241 1.27500000000000e+005 2.25000000000000e+004 3.00000000000000e+000
     242 1.27500000000000e+005 2.62500000000000e+004 3.00000000000000e+000
     243 1.27500000000000e+005 3.00000000000000e+004 3.00000000000000e+000
     244 1.27500000000000e+005 3.37500000000000e+004 3.00000000000000e+000
     245 1.27500000000000e+005 3.75000000000000e+004 3.00000000000000e+000
     246 1.27500000000000e+005 4.12500000000000e+004 3.00000000000000e+000
     247 1.27500000000000e+005 4.50000000000000e+004 3.00000000000000e+000
     248 1.31250000000000e+005 0.00000000000000e+000 3.00000000000000e+000
     249 1.31250000000000e+005 3.75000000000000e+003 3.00000000000000e+000
     250 1.31250000000000e+005 7.50000000000000e+003 3.00000000000000e+000
     251 1.31250000000000e+005 1.12500000000000e+004 3.00000000000000e+000
     252 1.31250000000000e+005 1.50000000000000e+004 3.00000000000000e+000
     253 1.31250000000000e+005 1.87500000000000e+004 3.00000000000000e+000
     254 1.31250000000000e+005 2.25000000000000e+004 3.00000000000000e+000
     255 1.31250000000000e+005 2.62500000000000e+004 3.00000000000000e+000
     256 1.31250000000000e+005 3.00000000000000e+004 3.00000000000000e+000
     257 1.31250000000000e+005 3.37500000000000e+004 3.00000000000000e+000
     258 1.31250000000000e+005 3.75000000000000e+004 3.00000000000000e+000
     259 1.31250000000000e+005 4.12500000000000e+004 3.00000000000000e+000
     260 1.31250000000000e+005 4.50000000000000e+004 3.00000000000000e+000
     261 1.35000000000000e+005 0.00000000000000e+000 3.00000000000000e+000
     262 1.35000000000000e+005 3.75000000000000e+003 3.00000000000000e+000
     263 1.35000000000000e+005 7.50000000000000e+003 3.00000000000000e+000
     264 1.35000000000000e+005 1.12500000000000e+004 3.00000000000000e+000
     265 1.35000000000000e+005 1.50000000000000e+004 3.00000000000000e+000
     266 1.35000000000000e+005 1.87500000000000e+004 3.00000000000000e+000
     267 1.35000000000000e+005 2.25000000000000e+004 3.00000000000000e+000
     268 1.35000000000000e+005 2.62500000000000e+004 3.00000000000000e+000
     269 1.35000000000000e+005 3.00000000000000e+004 3.00000000000000e+000
     270 1.35000000000000e+005 3.37500000000000e+004 3.00000000000000e+000
     271 1.35000000000000e+005 3.75000000000000e+004 3.00000000000000e+000
     272 1.35000000000000e+005 4.12500000000000e+004 3.00000000000000e+000
     273 1.35000000000000e+005 4.50000000000000e+004 3.00000000000000e+000
     274 1.38750000000000e+005 0.00000000000000e+000 3.00000000000000e+000
     275 1.38750000000000e+005 3.75000000000000e+003 3.00000000000000e+000
     276 1.38750000000000e+005 7.50000000000000e+003 3.00000000000000e+000
     277 1.38750000000000e+005 1.12500000000000e+004 3.00000000000000e+000
     278 1.38750000000000e+005 1.50000000000000e+004 3.00000000000000e+000
     279 1.38750000000000e+005 1.87500000000000e+004 3.00000000000000e+000
     280 1.38750000000000e+005 2.25000000000000e+004 3.00000000000000e+000
     281 1.38750000000000e+005 2.62500000000000e+004 3.00000000000000e+000
     282 1.38750000000000e+005 3.00000000000000e+004 3.00000000000000e+000
     283 1.38750000000000e+005 3.37500000000000e+004 3.00000000000000e+000
     284 1.38750000000000e+005 3.75000000000000e+004 3.00000000000000e+000
     285 1.38750000000000e+005 4.12500000000000e+004 3.00000000000000e+000
     286 1.38750000000000e+005 4.50000000000000e+004 3.00000000000000e+000
     287 1.42500000000000e+005 0.00000000000000e+000 3.00000000000000e+000
     288 1.42500000000000e+005 3.75000000000000e+003 3.00000000000000e+000
     289 1.42500000000000e+005 7.50000000000000e+003 3.00000000000000e+000
     290 1.42500000000000e+005 1.12500000000000e+004 3.00000000000000e+000
     291 1.42500000000000e+005 1.50000000000000e+004 3.00000000000000e+000
     292 1.42500000000000e+005 1.87500000000000e+004 3.00000000000000e+000
     293 1.42500000000000e+005 2.25000000000000e+004 3.00000000000000e+000
     294 1.42500000000000e+005 2.62500000000000e+004 3.00000000000000e+000
     295 1.42500000000000e+005 3.00000000000000e+004 3.00000000000000e+000
     296 1.42500000000000e+005 3.37500000000000e+004 3.00000000000000e+000
     297 1.42500000000000e+005 3.75000000000000e+004 3.00000000000000e+000
     298 1.42500000000000e+005 4.12500000000000e+004 3.00000000000000e+000
     299 1.42500000000000e+005 4.50000000000000e+004 3.00000000000000e+000
     300 1.46250000000000e+005 0.00000000000000e+000 3.00000000000000e+000
     301 1.46250000000000e+005 3.75000000000000e+003 3.00000000000000e+000
     302 1.46250000000000e+005 7.50000000000000e+003 3.00000000000000e+000
     303 1.46250000000000e+005 1.12500000000000e+004 3.00000000000000e+000
     304 1.46250000000000e+005 1.50000000000000e+004 3.00000000000000e+000
     305 1.46250000000000e+005 1.87500000000000e+004 3.00000000000000e+000
     306 1.46250000000000e+005 2.25000000000000e+004 3.00000000000000e+000
     307 1.46250000000000e+005 2.62500000000000e+004 3.00000000000000e+000
     308 1.46250000000000e+005 3.00000000000000e+004 3.00000000000000e+000
     309 1.46250000000000e+005 3.37500000000000e+004 3.00000000000000e+000
     310 1.46250000000000e+005 3.75000000000000e+004 3.00000000000000e+000
     311 1.46250000000000e+005 4.12500000000000e+004 3.00000000000000e+000
     312 1.46250000000000e+005 4.50000000000000e+004 3.00000000000000e+000
     313 1.50000000000000e+005 0.00000000000000e+000 3.00000000000000e+000
     314 1.50000000000000e+005 3.75000000000000e+003 3.00000000000000e+000
     315 1.50000000000000e+005 7.50000000000000e+003 3.00000000000000e+000
     316 1.50000000000000e+005 1.12500000000000e+004 3.00000000000000e+000
     317 1.50000000000000e+005 1.50000000000000e+004 3.00000000000000e+000
     318 1.50000000000000e+005 1.87500000000000e+004 3.00000000000000e+000
     319 1.50000000000000e+005 2.25000000000000e+004 3.00000000000000e+000
     320 1.50000000000000e+005 2.62500000000000e+004 3.00000000000000e+000
     321 1.50000000000000e+005 3.00000000000000e+004 3.00000000000000e+000
     322 1.50000000000000e+005 3.37500000000000e+004 3.00000000000000e+000
     323 1.50000000000000e+005 3.75000000000000e+004 3.00000000000000e+000
     324 1.50000000000000e+005 4.12500000000000e+004 3.00000000000000e+000
     325 1.50000000000000e+005 4.50000000000000e+004 3.00000000000000e+000
1               3        1       14        2
2               3        2       14       15
3               3        2       15        3
4               3        3       15       16
5               3        3       16        4
6               3        4       16       17
7               3        4       17        5
8               3        5       17       18
9               3        5       18        6
10              3        6       18       19
11              3        6       19        7
12              3        7       19       20
13              3        7       20        8
14              3        8       20       21
15              3        8       21        9
16              3        9       21       22
17              3        9       22       10
18              3       10       22       23
19              3       10       23       11
20              3       11       23       24
21              3       11       24       12
22              3       12       24       25
23              3       12       25       13
24              3       13       25       26
25              3       14       27       15
26              3       15       27       28
27              3       15       28       16
28              3       16       28       29
29              3       16       29       17
30              3       17       29       30
31              3       17       30       18
32              3       18       30       31
33              3       18       31       19
34              3       19       31       32
35              3       19       32       20
36              3       20       32       33
37              3       20       33       21
38              3       21       33       34
39              3       21       34       22
40              3       22       34       35
41              3       22       35       23
42              3       23       35       36
43              3       23       36       24
44              3       24       36       37
45              3       24       37       25
46              3       25       37       38
47              3       25       38       26
48              3       26       38       39
49              3       27       40       28
50              3       28       40       41
51              3       28       41       29
52              3       29       41       42
53              3       29       42       30
54              3       30       42       43
55              3       30       43       31
56              3       31       43       44
57              3       31       44       32
58              3       32       44       45
59              3       32       45       33
60              3       33       45       46
61              3       33       46       34
62              3       34       46       47
63              3       34       47       35
64              3       35       47       48
65              3       35       48       36
66              3       36       48       49
67              3       36       49       37
68              3       37       49       50
69              3       37       50       38
70              3       38       50       51
71              3       38       51       39
72              3       39       51       52
73              3       40       53       41
74              3       41       53       54
75              3       41       54       42
76              3       42       54       55
77              3       42       55       43
78              3       43       55       56
79              3       43       56       44
80              3       44       56       57
81              3       44       57       45
82              3       45       57       58
83              3       45       58       46
84              3       46       58       59
85              3       46       59       47
86              3       47       59       60
87              3       47       60       48
88              3       48       60       61
89              3       48       61       49
90              3       49       61       62
91              3       49       62       50
92              3       50       62       63
93              3       50       63       51
94              3       51       63       64
95              3       51       64       52
96              3       52       64       65
97              3       53       66       54
98              3       54       66       67
99              3       54       67       55
100             3       55       67       68
101             3       55       68       56
102             3       56       68       69
103             3       56       69       57
104             3       57       69       70
105             3       57       70       58
106             3       58       70       71
107             3       58       71       59
108             3       59       71       72
109             3       59       72       60
110             3       60       72       73
111             3       60       73       61
112             3       61       73       74
113             3       61       74       62
114             3       62       74       75
115             3       62       75       63
116             3       63       75       76
117             3       63       76       64
118             3       64       76       77
119             3       64       77       65
120             3       65       77       78
121             3       66       79       67
122             3       67       79       80
123             3       67       80       68
124             3       68       80       81
125             3       68       81       69
126             3       69       81       82
127             3       69       82       70
128             3       70       82       83
129             3       70       83       71
130             3       71       83       84
131             3       71       84       72
132             3       72       84       85
133             3       72       85       73
134             3       73       85       86
135             3       73       86       74
136             3       74       86       87
137             3       74       87       75
138             3       75       87       88
139             3       75       88       76
140             3       76       88       89
141             3       76       89       77
142             3       77       89       90
143             3       77       90       78
144             3       78       90       91
145             3       79       92       80
146             3       80       92       93
147             3       80       93       81
148             3       81       93       94
149             3       81       94       82
150             3       82       94       95
151             3       82       95       83
152             3       83       95       96
153             3       83       96       84
154             3       84       96       97
155             3       84       97       85
156             3       85       97       98
157             3       85       98       86
158             3       86       98       99
159             3       86       99       87
160             3       87       99      100
161             3       87      100       88
162             3       88      100      101
163             3       88      101       89
164             3       89      101      102
165             3       89      102       90
166             3       90      102      103
167             3       90      103       91
168             3       91      103      104
169             3       92      105       93
170             3       93      105      106
171             3       93      106       94
172             3       94      106      107
173             3       94      107       95
174             3       95      107      108
175             3       95      108       96
176             3       96      108      109
177             3       96      109       97
178             3       97      109      110
179             3       97      110       98
180             3       98      110      111
181             3       98      111       99
182             3       99      111      112
183             3       99      112      100
184             3      100      112      113
185             3      100      113      101
186             3      101      113      114
187             3      101      114      102
188             3      102      114      115
189             3      102      115      103
190             3      103      115      116
191             3      103      116      104
192             3      104      116      117
193             3      105      118      106
194             3      106      118      119
195             3      106      119      107
196             3      107      119      120
197             3      107      120      108
198             3      108      120      121
199             3      108      121      109
200             3      109      121      122
201             3      109      122      110
202             3      110      122      123
203             3      110      123      111
204             3      111      123      124
205             3      111      124      112
206             3      112      124      125
207             3      112      125      113
208             3      113      125      126
209             3      113      126      114
210             3      114      126      127
211             3      114      127      115
212             3      115      127      128
213             3      115      128      116
214             3      116      128      129
215             3      116      129      117
216             3      117      129      130
217             3      118      131      119
218             3      119      131      132
219             3      119      132      120
220             3      120      132      133
221             3      120      133      121
222             3      121      133      134
223             3      121      134      122
224             3      122      134      135
225             3      122      135      123
226             3      123      135      136
227             3      123      136      124
228             3      124      136      137
229             3      124      137      125
230             3      125      137      138
231             3      125      138      126
232             3      126      138      139
233             3      126      139      127
234             3      127      139      140
235             3      127      140      128
236             3      128      140      141
237             3      128      141      129
238             3      129      141      142
239             3      129      142      130
240             3      130      142      143
241             3      131      144      132
242             3      132      144      145
243             3      132      145      133
244             3      133      145      146
245             3      133      146      134
246             3      134      146      147
247             3      134      147      135
248             3      135      147      148
249             3      135      148      136
250             3      136      148      149
251             3      136      149      137
252             3      137      149      150
253             3      137      150      138
254             3      138      150      151
255             3      138      151      139
256             3      139      151      152
257             3      139      152      140
258             3      140      152      153
259             3      140      153      141
260             3      141      153      154
261             3      141      154      142
262             3      142      154      155
263             3      142      155      143
264             3      143      155      156
265             3      144      157      145
266             3      145      157      158
267             3      145      158      146
268             3      146      158      159
269             3      146      159      147
270             3      147      159      160
271             3      147      160      148
272             3      148      160      161
273             3      148      161      149
274             3      149      161      162
275             3      149      162      150
276             3      150      162      163
277             3      150      163      151
278             3      151      163      164
279             3      151      164      152
280             3      152      164      165
281             3      152      165      153
282             3      153      165      166
283             3      153      166      154
284             3      154      166      167
285             3      154      167      155
286             3      155      167      168
287             3      155      168      156
288             3      156      168      169
289             3      157      170      158
290             3      158      170      171
291             3      158      171      159
292             3      159      171      172
293             3      159      172      160
294             3      160      172      173
295             3      160      173      161
296             3      161      173      174
297             3      161      174      162
298             3      162      174      175
299             3      162      175      163
300             3      163      175      176
301             3      163      176      164
302             3      164      176      177
303             3      164      177      165
304             3      165      177      178
305             3      165      178      166
306             3      166      178      179
307             3      166      179      167
308             3      167      179      180
309             3      167      180      168
310             3      168      180      181
311             3      168      181      169
312             3      169      181      182
313             3      170      183      171
314             3      171      183      184
315             3      171      184      172
316             3      172      184      185
317             3      172      185      173
318             3      173      185      186
319             3      173      186      174
320             3      174      186      187
321             3      174      187      175
322             3      175      187      188
323             3      175      188      176
324             3      176      188      189
325             3      176      189      177
326             3      177      189      190
327             3      177      190      178
328             3      178      190      191
329             3      178      191      179
330             3      179      191      192
331             3      179      192      180
332             3      180      192      193
333             3      180      193      181
334             3      181      193      194
335             3      181      194      182
336             3      182      194      195
337             3      183      196      184
338             3      184      196      197
339             3      184      197      185
340             3      185      197      198
341             3      185      198      186
342             3      186      198      199
343             3      186      199      187
344             3      187      199      200
345             3      187      200      188
346             3      188      200      201
347             3      188      201      189
348             3      189      201      202
349             3      189      202      190
350             3      190      202      203
351             3      190      203      191
352             3      191      203      204
353             3      191      204      192
354             3      192      204      205
355             3      192      205      193
356             3      193      205      206
357             3      193      206      194
358             3      194      206      207
359             3      194      207      195
360             3      195      207      208
361             3      196      209      197
362             3      197      209      210
363             3      197      210      198
364             3      198      210      211
365             3      198      211      199
366             3      199      211      212
367             3      199      212      200
368             3      200      212      213
369             3      200      213      201
370             3      201      213      214
371             3      201      214      202
372             3      202      214      215
373             3      202      215      203
374             3      203      215      216
375             3      203      216      204
376             3      204      216      217
377             3      204      217      205
378             3      205      217      218
379             3      205      218      206
380             3      206      218      219
381             3      206      219      207
382             3      207      219      220
383             3      207      220      208
384             3      208      220      221
385             3      209      222      210
386             3      210      222      223
387             3      210      223      211
388             3      211      223      224
389             3      211      224      212
390             3      212      224      225
391             3      212      225      213
392             3      213      225      226
393             3      213      226      214
394             3      214      226      227
395             3      214      227      215
396             3      215      227      228
397             3      215      228      216
398             3      216      228      229
399             3      216      229      217
400             3      217      229      230
401             3      217      230      218
402             3      218      230      231
403             3      218      231      219
404             3      219      231      232
405             3      219      232      220
406             3      220      232      233
407             3      220      233      221
408             3      221      233      234
409             3      222      235      223
410             3      223      235      236
411             3      223      236      224
412             3      224      236      237
413             3      224      237      225
414             3      225      237      238
415             3      225      238      226
416             3      226      238      239
417             3      226      239      227
418             3      227      239      240
419             3      227      240      228
420             3      228      240      241
421             3      228      241      229
422             3      229      241      242
423             3      229      242      230
424             3      230      242      243
425             3      230      243      231
426             3      231      243      244
427             3      231      244      232
428             3      232      244      245
429             3      232      245      233
430             3      233      245      246
431             3      233      246      234
432             3      234      246      247
433             3      235      248      236
434             3      236      248      249
435             3      236      249      237
436             3      237      249      250
437             3      237      250      238
438             3      238      250      251
439             3      238      251      239
440             3      239      251      252
441             3      239      252      240
442             3      240      252      253
443             3      240      253      241
444             3      241      253      254
445             3      241      254      242
446             3      242      254      255
447             3      242      255      243
448             3      243      255      256
449             3      243      256      244
450             3      244      256      257
451             3      244      257      245
452             3      245      257      258
453             3      245      258      246
454             3      246      258      259
455             3      246      259      247
456             3      247      259      260
457             3      248      261      249
458             3      249      261      262
459             3      249      262      250
460             3      250      262      263
461             3      250      263      251
462             3      251      263      264
463             3      251      264      252
464             3      252      264      265
465             3      252      265      253
466             3      253      265      266
467             3      253      266      254
468             3      254      266      267
469             3      254      267      255
470             3      255      267      268
471             3      255      268      256
472             3      256      268      269
473             3      256      269      257
474             3      257      269      270
475             3      257      270      258
476             3      258      270      271
477             3      258      271      259
478             3      259      271      272
479             3      259      272      260
480             3      260      272      273
481             3      261      274      262
482             3      262      274      275
483             3      262      275      263
484             3      263      275      276
485             3      263      276      264
486             3      264      276      277
487             3      264      277      265
488             3      265      277      278
489             3      265      278      266
490             3      266      278      279
491             3      266      279      267
492             3      267      279      280
493             3      267      280      268
494             3      268      280      281
495             3      268      281      269
496             3      269      281      282
497             3      269      282      270
498             3      270      282      283
499             3      270      283      271
500             3      271      283      284
501             3      271      284      272
502             3      272      284      285
503             3      272      285      273
504             3      273      285      286
505             3      274      287      275
506             3      275      287      288
507             3      275      288      276
508             3      276      288      289
509             3      276      289      277
510             3      277      289      290
511             3      277      290      278
512             3      278      290      291
513             3      278      291      279
514             3      279      291      292
515             3      279      292      280
516             3      280      292      293
517             3      280      293      281
518             3      281      293      294
519             3      281      294      282
520             3      282      294      295
521             3      282      295      283
522             3      283      295      296
523             3      283      296      284
524             3      284      296      297
525             3      284      297      285
526             3      285      297      298
527             3      285      298      286
528             3      286      298      299
529             3      287      300      288
530             3      288      300      301
531             3      288      301      289
532             3      289      301      302
533             3      289      302      290
534             3      290      302      303
535             3      290      303      291
536             3      291      303      304
537             3      291      304      292
538             3      292      304      305
539             3      292      305      293
540             3      293      305      306
541             3      293      306      294
542             3      294      306      307
543             3      294      307      295
544             3      295      307      308
545             3      295      308      296
546             3      296      308      309
547             3      296      309      297
548             3      297      309      310
549             3      297      310      298
550             3      298      310      311
551             3      298      311      299
552             3      299      311      312
553             3      300      313      301
554             3      301      313      314
555             3      301      314      302
556             3      302      314      315
557             3      302      315      303
558             3      303      315      316
559             3      303      316      304
560             3      304      316      317
561             3      304      317      305
562             3      305      317      318
563             3      305      318      306
564             3      306      318      319
565             3      306      319      307
566             3      307      319      320
567             3      307      320      308
568             3      308      320      321
569             3      308      321      309
570             3      309      321      322
571             3      309      322      310
572             3      310      322      323
573             3      310      323      311
574             3      311      323      324
575             3      311      324      312
576             3      312      324      325
1        ! Number of open boundary segments
13       ! Total number of open boundary nodes
13       20 ! Number of nodes for open boundary 1
313     
314     
315     
316     
317     
318     
319     
320     
321     
322     
323     
324     
325     
3        ! Number of land boundary segments
63       ! Total number of open boundary nodes
13       20 ! Number of nodes for land boundary 1
1       
2       
3       
4       
5       
6       
7       
8       
9       
10      
11      
12      
13      
25       20 ! Number of nodes for land boundary 2
1       
14      
27      
40      
53      
66      
79      
92      
105     
118     
131     
144     
157     
170     
183     
196     
209     
222     
235     
248     
261     
274     
287     
300     
313     
25       20 ! Number of nodes for land boundary 3
13      
26      
39      
52      
65      
78      
91      
104     
117     
130     
143     
156     
169     
182     
195     
208     
221     
234     
247     
260     
273     
286     
299     
312     
325     
