    
200 130 
         1  -360.0000000000     0.0718644388  -1.0064514224e+00 
         2  -360.0000000000     0.0538983291  -1.0064514224e+00 
         3  -360.0000000000     0.0359322194  -1.0064514224e+00 
         4  -360.0000000000     0.0179661097  -1.0064514224e+00 
         5  -360.0000000000     0.0000000000  -1.0064514224e+00 
         6  -359.9820338903     0.0538983291  -1.0139988511e+00 
         7  -359.9820338903     0.0718644388  -1.0139988511e+00 
         8  -359.9820338903     0.0359322194  -1.0139988511e+00 
         9  -359.9820338903     0.0179661097  -1.0139988511e+00 
        10  -359.9820338903     0.0000000000  -1.0139988511e+00 
        11  -359.9640677806     0.0538983291  -1.0284769127e+00 
        12  -359.9640677806     0.0359322194  -1.0284769127e+00 
        13  -359.9640677806     0.0718644388  -1.0284769127e+00 
        14  -359.9640677806     0.0179661097  -1.0284769127e+00 
        15  -359.9640677806     0.0000000000  -1.0284769127e+00 
        16  -359.9461016709     0.0538983291  -1.0543071489e+00 
        17  -359.9461016709     0.0359322194  -1.0543071489e+00 
        18  -359.9461016709     0.0718644388  -1.0543071489e+00 
        19  -359.9461016709     0.0179661097  -1.0543071489e+00 
        20  -359.9461016709     0.0000000000  -1.0543071489e+00 
        21  -359.9281355612     0.0538983291  -1.0970922783e+00 
        22  -359.9281355612     0.0359322194  -1.0970922783e+00 
        23  -359.9281355612     0.0718644388  -1.0970922783e+00 
        24  -359.9281355612     0.0179661097  -1.0970922783e+00 
        25  -359.9281355612     0.0000000000  -1.0970922783e+00 
        26  -359.9101694515     0.0538983291  -1.1627331277e+00 
        27  -359.9101694515     0.0359322194  -1.1627331277e+00 
        28  -359.9101694515     0.0718644388  -1.1627331277e+00 
        29  -359.9101694515     0.0179661097  -1.1627331277e+00 
        30  -359.9101694515     0.0000000000  -1.1627331277e+00 
        31  -359.8922033418     0.0538983291  -1.2557000664e+00 
        32  -359.8922033418     0.0359322194  -1.2557000664e+00 
        33  -359.8922033418     0.0718644388  -1.2557000664e+00 
        34  -359.8922033418     0.0179661097  -1.2557000664e+00 
        35  -359.8922033418     0.0000000000  -1.2557000664e+00 
        36  -359.8742372321     0.0538983291  -1.3766598250e+00 
        37  -359.8742372321     0.0359322194  -1.3766598250e+00 
        38  -359.8742372321     0.0718644388  -1.3766598250e+00 
        39  -359.8742372321     0.0179661097  -1.3766598250e+00 
        40  -359.8742372321     0.0000000000  -1.3766598250e+00 
        41  -359.8562711224     0.0538983291  -1.5201532901e+00 
        42  -359.8562711224     0.0359322194  -1.5201532901e+00 
        43  -359.8562711224     0.0718644388  -1.5201532901e+00 
        44  -359.8562711224     0.0179661097  -1.5201532901e+00 
        45  -359.8562711224     0.0000000000  -1.5201532901e+00 
        46  -359.8383050127     0.0538983291  -1.6734060122e+00 
        47  -359.8383050127     0.0359322194  -1.6734060122e+00 
        48  -359.8383050127     0.0718644388  -1.6734060122e+00 
        49  -359.8383050127     0.0179661097  -1.6734060122e+00 
        50  -359.8383050127     0.0000000000  -1.6734060122e+00 
        51  -359.8203389031     0.0538983291  -1.8173088824e+00 
        52  -359.8203389031     0.0359322194  -1.8173088824e+00 
        53  -359.8203389031     0.0718644388  -1.8173088824e+00 
        54  -359.8203389031     0.0179661097  -1.8173088824e+00 
        55  -359.8203389031     0.0000000000  -1.8173088824e+00 
        56  -359.8023727934     0.0538983291  -1.9299488008e+00 
        57  -359.8023727934     0.0359322194  -1.9299488008e+00 
        58  -359.8023727934     0.0718644388  -1.9299488008e+00 
        59  -359.8023727934     0.0179661097  -1.9299488008e+00 
        60  -359.8023727934     0.0000000000  -1.9299488008e+00 
        61  -359.7844066837     0.0538983291  -1.9919629437e+00 
        62  -359.7844066837     0.0359322194  -1.9919629437e+00 
        63  -359.7844066837     0.0718644388  -1.9919629437e+00 
        64  -359.7844066837     0.0179661097  -1.9919629437e+00 
        65  -359.7844066837     0.0000000000  -1.9919629437e+00 
        66  -359.7664405740     0.0538983291  -1.9919629439e+00 
        67  -359.7664405740     0.0359322194  -1.9919629439e+00 
        68  -359.7664405740     0.0718644388  -1.9919629439e+00 
        69  -359.7664405740     0.0179661097  -1.9919629439e+00 
        70  -359.7664405740     0.0000000000  -1.9919629439e+00 
        71  -359.7484744643     0.0538983291  -1.9299488013e+00 
        72  -359.7484744643     0.0359322194  -1.9299488013e+00 
        73  -359.7484744643     0.0718644388  -1.9299488013e+00 
        74  -359.7484744643     0.0179661097  -1.9299488013e+00 
        75  -359.7484744643     0.0000000000  -1.9299488013e+00 
        76  -359.7305083546     0.0538983291  -1.8173088831e+00 
        77  -359.7305083546     0.0359322194  -1.8173088831e+00 
        78  -359.7305083546     0.0718644388  -1.8173088831e+00 
        79  -359.7305083546     0.0179661097  -1.8173088831e+00 
        80  -359.7305083546     0.0000000000  -1.8173088831e+00 
        81  -359.7125422449     0.0538983291  -1.6734060122e+00 
        82  -359.7125422449     0.0359322194  -1.6734060122e+00 
        83  -359.7125422449     0.0718644388  -1.6734060122e+00 
        84  -359.7125422449     0.0179661097  -1.6734060122e+00 
        85  -359.7125422449     0.0000000000  -1.6734060122e+00 
        86  -359.6945761352     0.0538983291  -1.5201532901e+00 
        87  -359.6945761352     0.0359322194  -1.5201532901e+00 
        88  -359.6945761352     0.0718644388  -1.5201532901e+00 
        89  -359.6945761352     0.0179661097  -1.5201532901e+00 
        90  -359.6945761352     0.0000000000  -1.5201532901e+00 
        91  -359.6766100255     0.0538983291  -1.3766598250e+00 
        92  -359.6766100255     0.0359322194  -1.3766598250e+00 
        93  -359.6766100255     0.0718644388  -1.3766598250e+00 
        94  -359.6766100255     0.0179661097  -1.3766598250e+00 
        95  -359.6766100255     0.0000000000  -1.3766598250e+00 
        96  -359.6586439158     0.0538983291  -1.2557000664e+00 
        97  -359.6586439158     0.0359322194  -1.2557000664e+00 
        98  -359.6586439158     0.0718644388  -1.2557000664e+00 
        99  -359.6586439158     0.0179661097  -1.2557000664e+00 
       100  -359.6586439158     0.0000000000  -1.2557000664e+00 
       101  -359.6406778061     0.0538983291  -1.1627331277e+00 
       102  -359.6406778061     0.0359322194  -1.1627331277e+00 
       103  -359.6406778061     0.0718644388  -1.1627331277e+00 
       104  -359.6406778061     0.0179661097  -1.1627331277e+00 
       105  -359.6406778061     0.0000000000  -1.1627331277e+00 
       106  -359.6227116964     0.0538983291  -1.0970922783e+00 
       107  -359.6227116964     0.0359322194  -1.0970922783e+00 
       108  -359.6227116964     0.0718644388  -1.0970922783e+00 
       109  -359.6227116964     0.0179661097  -1.0970922783e+00 
       110  -359.6227116964     0.0000000000  -1.0970922783e+00 
       111  -359.6047455867     0.0538983291  -1.0543071489e+00 
       112  -359.6047455867     0.0359322194  -1.0543071489e+00 
       113  -359.6047455867     0.0718644388  -1.0543071489e+00 
       114  -359.6047455867     0.0179661097  -1.0543071489e+00 
       115  -359.6047455867     0.0000000000  -1.0543071489e+00 
       116  -359.5867794770     0.0538983291  -1.0284769127e+00 
       117  -359.5867794770     0.0359322194  -1.0284769127e+00 
       118  -359.5867794770     0.0718644388  -1.0284769127e+00 
       119  -359.5867794770     0.0179661097  -1.0284769127e+00 
       120  -359.5867794770     0.0000000000  -1.0284769127e+00 
       121  -359.5688133673     0.0538983291  -1.0139988511e+00 
       122  -359.5688133673     0.0359322194  -1.0139988511e+00 
       123  -359.5688133673     0.0718644388  -1.0139988511e+00 
       124  -359.5688133673     0.0179661097  -1.0139988511e+00 
       125  -359.5688133673     0.0000000000  -1.0139988511e+00 
       126  -359.5508472576     0.0538983291  -1.0064514224e+00 
       127  -359.5508472576     0.0359322194  -1.0064514224e+00 
       128  -359.5508472576     0.0718644388  -1.0064514224e+00 
       129  -359.5508472576     0.0179661097  -1.0064514224e+00 
       130  -359.5508472576     0.0000000000  -1.0064514224e+00 
1 3 1 6 7 
2 3 2 6 1 
3 3 3 8 6 
4 3 3 6 2 
5 3 9 8 3 
6 3 9 3 4 
7 3 10 9 5 
8 3 9 10 14 
9 3 11 7 6 
10 3 12 11 8 
11 3 8 11 6 
12 3 11 13 7 
13 3 8 14 12 
14 3 12 19 17 
15 3 9 4 5 
16 3 10 15 14 
17 3 11 16 13 
18 3 12 17 16 
19 3 12 16 11 
20 3 14 8 9 
21 3 13 16 18 
22 3 22 17 24 
23 3 14 15 19 
24 3 15 20 19 
25 3 16 21 18 
26 3 21 17 22 
27 3 17 21 16 
28 3 12 14 19 
29 3 23 18 21 
30 3 19 24 17 
31 3 19 20 24 
32 3 24 20 25 
33 3 21 26 23 
34 3 22 27 26 
35 3 22 26 21 
36 3 22 29 27 
37 3 26 28 23 
38 3 29 22 24 
39 3 24 25 29 
40 3 25 30 29 
41 3 31 28 26 
42 3 27 32 31 
43 3 31 26 27 
44 3 32 27 34 
45 3 33 28 31 
46 3 29 34 27 
47 3 34 29 30 
48 3 30 35 34 
49 3 33 31 36 
50 3 32 37 36 
51 3 32 36 31 
52 3 37 32 39 
53 3 36 38 33 
54 3 34 39 32 
55 3 35 39 34 
56 3 39 35 40 
57 3 36 41 38 
58 3 41 37 42 
59 3 41 36 37 
60 3 37 44 42 
61 3 41 43 38 
62 3 44 37 39 
63 3 44 39 40 
64 3 40 45 44 
65 3 41 46 43 
66 3 51 46 47 
67 3 42 46 41 
68 3 47 42 49 
69 3 43 46 48 
70 3 42 44 49 
71 3 44 45 49 
72 3 49 45 50 
73 3 46 51 48 
74 3 47 52 51 
75 3 46 42 47 
76 3 47 54 52 
77 3 51 53 48 
78 3 47 49 54 
79 3 54 49 50 
80 3 54 50 55 
81 3 56 53 51 
82 3 52 57 56 
83 3 51 52 56 
84 3 57 52 59 
85 3 58 53 56 
86 3 52 54 59 
87 3 54 55 59 
88 3 59 55 60 
89 3 56 61 58 
90 3 62 61 57 
91 3 56 57 61 
92 3 57 64 62 
93 3 63 58 61 
94 3 57 59 64 
95 3 64 59 60 
96 3 64 60 65 
97 3 66 63 61 
98 3 67 66 62 
99 3 61 62 66 
100 3 69 67 62 
101 3 63 66 68 
102 3 69 62 64 
103 3 65 69 64 
104 3 70 69 65 
105 3 66 71 68 
106 3 67 72 71 
107 3 67 71 66 
108 3 74 72 67 
109 3 68 71 73 
110 3 69 74 67 
111 3 74 69 70 
112 3 70 75 74 
113 3 71 76 73 
114 3 77 76 72 
115 3 72 76 71 
116 3 72 79 77 
117 3 76 78 73 
118 3 72 74 79 
119 3 74 75 79 
120 3 79 75 80 
121 3 76 81 78 
122 3 77 82 81 
123 3 77 81 76 
124 3 84 82 77 
125 3 78 81 83 
126 3 84 77 79 
127 3 79 80 84 
128 3 84 80 85 
129 3 81 86 83 
130 3 86 82 87 
131 3 82 86 81 
132 3 87 82 89 
133 3 88 83 86 
134 3 84 89 82 
135 3 89 84 85 
136 3 89 85 90 
137 3 86 91 88 
138 3 87 92 91 
139 3 87 91 86 
140 3 87 94 92 
141 3 91 93 88 
142 3 94 87 89 
143 3 89 90 94 
144 3 90 95 94 
145 3 96 93 91 
146 3 92 97 96 
147 3 96 91 92 
148 3 97 92 99 
149 3 98 93 96 
150 3 94 99 92 
151 3 99 94 95 
152 3 95 100 99 
153 3 98 96 101 
154 3 97 102 101 
155 3 97 101 96 
156 3 104 102 97 
157 3 101 103 98 
158 3 97 99 104 
159 3 104 99 100 
160 3 100 105 104 
161 3 101 106 103 
162 3 106 102 107 
163 3 106 101 102 
164 3 102 109 107 
165 3 106 108 103 
166 3 109 102 104 
167 3 104 105 109 
168 3 110 109 105 
169 3 106 111 108 
170 3 112 111 107 
171 3 107 111 106 
172 3 112 107 114 
173 3 108 111 113 
174 3 107 109 114 
175 3 109 110 114 
176 3 114 110 115 
177 3 111 116 113 
178 3 112 117 116 
179 3 116 111 112 
180 3 112 119 117 
181 3 116 118 113 
182 3 112 114 119 
183 3 119 114 115 
184 3 119 115 120 
185 3 121 118 116 
186 3 117 122 121 
187 3 117 121 116 
188 3 122 117 124 
189 3 123 118 121 
190 3 119 120 124 
191 3 119 124 117 
192 3 124 120 125 
193 3 121 126 123 
194 3 126 122 127 
195 3 121 122 126 
196 3 122 129 127 
197 3 128 123 126 
198 3 124 125 129 
199 3 122 124 129 
200 3 129 125 130 
0 = Number of open boundaries 
0 = Total number of open boundary nodes 
1 = Number of land boundaries 
59 = Total number of land boundary nodes 
59 20 = Number of nodes for land boundary 1 
1 
2 
3 
4 
5 
10 
15 
20 
25 
30 
35 
40 
45 
50 
55 
60 
65 
70 
75 
80 
85 
90 
95 
100 
105 
110 
115 
120 
125 
130 
129 
127 
126 
128 
123 
118 
113 
108 
103 
98 
93 
88 
83 
78 
73 
68 
63 
58 
53 
48 
43 
38 
33 
28 
23 
18 
13 
7 
1 
