OceanMesh2D                                                                     
        3612
           5
sea_surface_height_above_geoid                                                  
m                                                                               
           1
  0.276300000E+00
primitive_weighting_in_continuity_equation                                      
unitless                                                                        
           1
  0.300000000E-01
mannings_n_at_sea_floor                                                         
unitless                                                                        
           1
  0.220000000E-01
internal_tide_friction                                                          
local_dir, C_it =0.21884,Nb, D250                                               
           3
  0.000000000E+00  0.000000000E+00  0.000000000E+00
subgrid_barrier                                                                 
unitless                                                                        
           1
  0.999990000E+05
sea_surface_height_above_geoid                                                  
           0
primitive_weighting_in_continuity_equation                                      
           0
mannings_n_at_sea_floor                                                         
        3378
    794268    0.25000000E-01
    801417    0.25000000E-01
    801418    0.25000000E-01
    801419    0.25000000E-01
    801420    0.25000000E-01
    801421    0.25000000E-01
    808700    0.27222000E-01
    808701    0.27857000E-01
    808702    0.28125000E-01
    808703    0.30833000E-01
    808704    0.25000000E-01
    808705    0.26000000E-01
    808706    0.30714000E-01
    808707    0.30000000E-01
    808708    0.25000000E-01
    808709    0.27500000E-01
    808710    0.25000000E-01
    808711    0.26000000E-01
    808712    0.25000000E-01
    808713    0.25000000E-01
    808714    0.26429000E-01
    808715    0.26667000E-01
    816122    0.26429000E-01
    816123    0.28125000E-01
    816124    0.27778000E-01
    816125    0.26429000E-01
    816126    0.27500000E-01
    816127    0.25000000E-01
    816128    0.25000000E-01
    816129    0.25000000E-01
    816130    0.25000000E-01
    816131    0.25000000E-01
    816132    0.25556000E-01
    816133    0.25625000E-01
    816134    0.27000000E-01
    816135    0.28000000E-01
    816136    0.28000000E-01
    816137    0.27222000E-01
    816138    0.25000000E-01
    816139    0.28889000E-01
    816140    0.32500000E-01
    816141    0.25000000E-01
    816142    0.31667000E-01
    816143    0.26875000E-01
    816144    0.30000000E-01
    816145    0.25000000E-01
    816146    0.27500000E-01
    816147    0.26250000E-01
    816148    0.26111000E-01
    816149    0.27727000E-01
    816150    0.25000000E-01
    816151    0.25000000E-01
    816152    0.25000000E-01
    816153    0.26111000E-01
    823641    0.26667000E-01
    823642    0.27857000E-01
    823643    0.27857000E-01
    823644    0.27222000E-01
    823645    0.25833000E-01
    823646    0.25000000E-01
    823647    0.25000000E-01
    823648    0.25000000E-01
    823649    0.25833000E-01
    823650    0.25000000E-01
    823651    0.25556000E-01
    823652    0.26875000E-01
    823653    0.28125000E-01
    823654    0.27500000E-01
    823655    0.25000000E-01
    823656    0.26429000E-01
    823657    0.29500000E-01
    823658    0.26111000E-01
    823659    0.31250000E-01
    823660    0.26818000E-01
    823661    0.25000000E-01
    823662    0.25000000E-01
    823663    0.27000000E-01
    823664    0.27500000E-01
    823665    0.27222000E-01
    823666    0.25000000E-01
    823667    0.25000000E-01
    823668    0.25909000E-01
    823669    0.25000000E-01
    823670    0.29286000E-01
    823671    0.32500000E-01
    831213    0.30000000E-01
    831220    0.28077000E-01
    831221    0.26429000E-01
    831222    0.26818000E-01
    831223    0.25000000E-01
    831224    0.28750000E-01
    831225    0.25000000E-01
    831226    0.26000000E-01
    831227    0.26000000E-01
    831228    0.25909000E-01
    831229    0.25909000E-01
    831230    0.26250000E-01
    831231    0.26667000E-01
    831232    0.27727000E-01
    831233    0.28333000E-01
    831234    0.27222000E-01
    831235    0.30714000E-01
    831236    0.26818000E-01
    831237    0.28000000E-01
    831238    0.26111000E-01
    831239    0.26250000E-01
    831240    0.27000000E-01
    831241    0.25000000E-01
    831242    0.25000000E-01
    831243    0.25833000E-01
    831244    0.26250000E-01
    831245    0.25000000E-01
    831246    0.25000000E-01
    831247    0.27727000E-01
    831248    0.31667000E-01
    831264    0.28636000E-01
    831265    0.15000000E+00
    831266    0.26667000E-01
    831267    0.26500000E-01
    838812    0.26250000E-01
    838813    0.28571000E-01
    838814    0.29444000E-01
    838815    0.28333000E-01
    838816    0.26667000E-01
    838817    0.30000000E-01
    838818    0.11166700E+00
    838819    0.26667000E-01
    838820    0.25000000E-01
    838821    0.25000000E-01
    838834    0.27000000E-01
    838835    0.26111000E-01
    838836    0.25000000E-01
    838837    0.27500000E-01
    838838    0.25909000E-01
    838839    0.25000000E-01
    838840    0.27462000E-01
    838841    0.27286000E-01
    838842    0.26111000E-01
    838843    0.26857000E-01
    838844    0.25000000E-01
    838845    0.25909000E-01
    838846    0.26111000E-01
    838847    0.26429000E-01
    838848    0.28333000E-01
    838849    0.27308000E-01
    838850    0.29167000E-01
    838851    0.30000000E-01
    838852    0.29444000E-01
    838853    0.26000000E-01
    838854    0.27000000E-01
    838855    0.25833000E-01
    838856    0.25000000E-01
    838857    0.25000000E-01
    838858    0.26000000E-01
    838859    0.25000000E-01
    838860    0.26667000E-01
    838861    0.25000000E-01
    838862    0.25588000E-01
    838863    0.25000000E-01
    838864    0.30455000E-01
    838865    0.35000000E-01
    838879    0.25000000E-01
    838880    0.26111000E-01
    838881    0.25000000E-01
    838882    0.26250000E-01
    838883    0.26429000E-01
    838884    0.27500000E-01
    838885    0.25000000E-01
    838886    0.25000000E-01
    838887    0.25556000E-01
    846474    0.25000000E-01
    846475    0.25000000E-01
    846481    0.25000000E-01
    846482    0.25000000E-01
    846483    0.26250000E-01
    846484    0.27500000E-01
    846485    0.29000000E-01
    846486    0.31250000E-01
    846487    0.30000000E-01
    846488    0.58333000E-01
    846489    0.73750000E-01
    846490    0.25000000E-01
    846491    0.25000000E-01
    846492    0.25000000E-01
    846493    0.26000000E-01
    846494    0.26000000E-01
    846495    0.73571000E-01
    846509    0.26429000E-01
    846510    0.25000000E-01
    846511    0.26250000E-01
    846512    0.25000000E-01
    846513    0.25000000E-01
    846514    0.25000000E-01
    846515    0.25000000E-01
    846516    0.26111000E-01
    846517    0.26818000E-01
    846518    0.30286000E-01
    846519    0.28364000E-01
    846520    0.29625000E-01
    846521    0.28444000E-01
    846522    0.29833000E-01
    846523    0.25000000E-01
    846524    0.26000000E-01
    846525    0.35000000E-01
    846526    0.25000000E-01
    846527    0.25909000E-01
    846528    0.27500000E-01
    846529    0.28333000E-01
    846530    0.29667000E-01
    846531    0.28000000E-01
    846532    0.25833000E-01
    846533    0.27222000E-01
    846534    0.25000000E-01
    846535    0.25000000E-01
    846536    0.25000000E-01
    846537    0.28750000E-01
    846538    0.25909000E-01
    846539    0.25000000E-01
    846540    0.25000000E-01
    846541    0.31250000E-01
    846542    0.33333000E-01
    846543    0.26111000E-01
    846544    0.60625000E-01
    846545    0.82857000E-01
    846546    0.82500000E-01
    846547    0.69000000E-01
    846548    0.25833000E-01
    846549    0.69000000E-01
    846562    0.25000000E-01
    846563    0.25000000E-01
    846564    0.27857000E-01
    846565    0.25000000E-01
    846566    0.25000000E-01
    846567    0.27222000E-01
    846568    0.27222000E-01
    846569    0.25000000E-01
    846570    0.25000000E-01
    846571    0.25500000E-01
    846572    0.25500000E-01
    846573    0.25500000E-01
    854242    0.25000000E-01
    854243    0.25000000E-01
    854244    0.25000000E-01
    854245    0.25000000E-01
    854246    0.25000000E-01
    854253    0.25455000E-01
    854254    0.25000000E-01
    854255    0.25000000E-01
    854256    0.25000000E-01
    854257    0.25000000E-01
    854258    0.75833000E-01
    854259    0.80000000E-01
    854260    0.60833000E-01
    854261    0.77500000E-01
    854262    0.59167000E-01
    854263    0.76875000E-01
    854264    0.50000000E-01
    854265    0.25000000E-01
    854266    0.25000000E-01
    854267    0.25625000E-01
    854268    0.81154000E-01
    854269    0.78333000E-01
    854270    0.85000000E-01
    854271    0.25500000E-01
    854295    0.26250000E-01
    854296    0.25909000E-01
    854297    0.26250000E-01
    854298    0.25000000E-01
    854299    0.25833000E-01
    854300    0.25000000E-01
    854301    0.25000000E-01
    854302    0.25000000E-01
    854303    0.25000000E-01
    854304    0.28375000E-01
    854305    0.26625000E-01
    854306    0.22750000E-01
    854307    0.22750000E-01
    854308    0.23375000E-01
    854309    0.28333000E-01
    854310    0.28333000E-01
    854311    0.27222000E-01
    854312    0.26250000E-01
    854313    0.25714000E-01
    854314    0.25000000E-01
    854315    0.23100000E-01
    854318    0.35000000E-01
    854319    0.25455000E-01
    854320    0.25000000E-01
    854321    0.28077000E-01
    854322    0.26667000E-01
    854323    0.30000000E-01
    854324    0.31200000E-01
    854325    0.25000000E-01
    854326    0.26250000E-01
    854327    0.32778000E-01
    854328    0.25000000E-01
    854329    0.27000000E-01
    854330    0.28125000E-01
    854331    0.28750000E-01
    854332    0.25000000E-01
    854333    0.25000000E-01
    854334    0.25000000E-01
    854335    0.25000000E-01
    854336    0.28750000E-01
    854337    0.26111000E-01
    854338    0.25000000E-01
    854339    0.25000000E-01
    854340    0.30000000E-01
    854341    0.26111000E-01
    854342    0.26667000E-01
    854343    0.25000000E-01
    854344    0.25000000E-01
    854345    0.25000000E-01
    854346    0.27857000E-01
    854347    0.60833000E-01
    854348    0.60000000E-01
    854349    0.62222000E-01
    854350    0.84000000E-01
    854351    0.90000000E-01
    854352    0.26875000E-01
    854353    0.25625000E-01
    854354    0.31250000E-01
    854355    0.63333000E-01
    854356    0.31000000E-01
    854357    0.29286000E-01
    854358    0.30000000E-01
    854359    0.27857000E-01
    854374    0.25000000E-01
    854375    0.25000000E-01
    854376    0.28333000E-01
    854377    0.27500000E-01
    854378    0.31000000E-01
    854379    0.26000000E-01
    854380    0.27500000E-01
    854381    0.28333000E-01
    854382    0.25000000E-01
    854383    0.25000000E-01
    854384    0.25000000E-01
    854385    0.25455000E-01
    854386    0.25000000E-01
    862159    0.25417000E-01
    862160    0.25000000E-01
    862161    0.25000000E-01
    862162    0.25000000E-01
    862163    0.25000000E-01
    862172    0.25000000E-01
    862173    0.25000000E-01
    862174    0.25000000E-01
    862175    0.25000000E-01
    862176    0.25556000E-01
    862177    0.25556000E-01
    862178    0.78125000E-01
    862179    0.70625000E-01
    862180    0.76429000E-01
    862181    0.61250000E-01
    862182    0.74545000E-01
    862183    0.64286000E-01
    862184    0.25833000E-01
    862185    0.25625000E-01
    862186    0.26250000E-01
    862187    0.27857000E-01
    862188    0.25000000E-01
    862189    0.10300000E+00
    862190    0.13785700E+00
    862191    0.94000000E-01
    862192    0.75625000E-01
    862193    0.87778000E-01
    862194    0.99167000E-01
    862195    0.31000000E-01
    862196    0.50000000E-01
    862197    0.25000000E-01
    862198    0.25714000E-01
    862199    0.31818000E-01
    862216    0.25000000E-01
    862230    0.25000000E-01
    862231    0.25000000E-01
    862232    0.25000000E-01
    862233    0.25000000E-01
    862234    0.25000000E-01
    862235    0.25333000E-01
    862236    0.25000000E-01
    862237    0.25000000E-01
    862238    0.25000000E-01
    862239    0.25000000E-01
    862240    0.27222000E-01
    862241    0.26385000E-01
    862242    0.24500000E-01
    862243    0.23818000E-01
    862244    0.25000000E-01
    862245    0.26111000E-01
    862246    0.25714000E-01
    862247    0.25000000E-01
    862248    0.25000000E-01
    862249    0.25000000E-01
    862250    0.25000000E-01
    862251    0.25000000E-01
    862252    0.25000000E-01
    862253    0.24300000E-01
    862254    0.23400000E-01
    862259    0.35000000E-01
    862260    0.32778000E-01
    862261    0.35000000E-01
    862262    0.25000000E-01
    862263    0.26667000E-01
    862264    0.29286000E-01
    862265    0.31429000E-01
    862266    0.30000000E-01
    862267    0.25000000E-01
    862268    0.25000000E-01
    862269    0.29444000E-01
    862270    0.29286000E-01
    862271    0.25000000E-01
    862272    0.25769000E-01
    862273    0.25769000E-01
    862274    0.26111000E-01
    862275    0.25000000E-01
    862276    0.25000000E-01
    862277    0.25000000E-01
    862278    0.26111000E-01
    862279    0.25000000E-01
    862280    0.25000000E-01
    862281    0.27500000E-01
    862282    0.25000000E-01
    862283    0.27000000E-01
    862284    0.26429000E-01
    862285    0.26471000E-01
    862286    0.25455000E-01
    862287    0.26000000E-01
    862288    0.26875000E-01
    862289    0.28750000E-01
    862290    0.68889000E-01
    862291    0.84444000E-01
    862292    0.77500000E-01
    862293    0.98750000E-01
    862294    0.75625000E-01
    862295    0.26111000E-01
    862296    0.25625000E-01
    862297    0.25000000E-01
    862298    0.29286000E-01
    862299    0.30000000E-01
    862300    0.77500000E-01
    862301    0.78750000E-01
    862302    0.73333000E-01
    862303    0.28000000E-01
    862304    0.25000000E-01
    862305    0.25000000E-01
    862306    0.26111000E-01
    862307    0.93750000E-01
    862308    0.29000000E-01
    862309    0.28000000E-01
    862324    0.25000000E-01
    862325    0.25000000E-01
    862326    0.25000000E-01
    862327    0.26000000E-01
    862328    0.27222000E-01
    862329    0.26000000E-01
    862330    0.27500000E-01
    862331    0.25000000E-01
    862332    0.25000000E-01
    862333    0.25000000E-01
    862334    0.25000000E-01
    862335    0.25000000E-01
    870304    0.26667000E-01
    870305    0.26364000E-01
    870306    0.25000000E-01
    870307    0.25000000E-01
    870308    0.25000000E-01
    870309    0.25000000E-01
    870310    0.25000000E-01
    870311    0.25000000E-01
    870322    0.25000000E-01
    870323    0.25000000E-01
    870324    0.25000000E-01
    870325    0.25000000E-01
    870326    0.26667000E-01
    870327    0.27500000E-01
    870328    0.26667000E-01
    870329    0.27143000E-01
    870330    0.27500000E-01
    870331    0.62500000E-01
    870332    0.69286000E-01
    870333    0.62083000E-01
    870334    0.72857000E-01
    870335    0.55625000E-01
    870336    0.57500000E-01
    870337    0.95000000E-01
    870338    0.25000000E-01
    870339    0.30714000E-01
    870340    0.28000000E-01
    870341    0.25000000E-01
    870342    0.10200000E+00
    870343    0.98889000E-01
    870344    0.56250000E-01
    870345    0.76250000E-01
    870346    0.86250000E-01
    870347    0.50000000E-01
    870348    0.25000000E-01
    870349    0.25000000E-01
    870350    0.11250000E+00
    870351    0.33571000E-01
    870352    0.35000000E-01
    870353    0.32222000E-01
    870354    0.29375000E-01
    870355    0.26818000E-01
    870356    0.26429000E-01
    870357    0.28571000E-01
    870358    0.25000000E-01
    870359    0.25000000E-01
    870360    0.27000000E-01
    870377    0.25000000E-01
    870378    0.25000000E-01
    870379    0.25000000E-01
    870380    0.25000000E-01
    870381    0.25000000E-01
    870400    0.25000000E-01
    870401    0.25000000E-01
    870402    0.25000000E-01
    870403    0.25000000E-01
    870405    0.25000000E-01
    870406    0.25000000E-01
    870407    0.25000000E-01
    870408    0.25000000E-01
    870409    0.26154000E-01
    870410    0.25714000E-01
    870411    0.25625000E-01
    870412    0.25000000E-01
    870413    0.25000000E-01
    870414    0.25000000E-01
    870415    0.25000000E-01
    870416    0.25000000E-01
    870417    0.25000000E-01
    870418    0.25000000E-01
    870419    0.26538000E-01
    870420    0.28200000E-01
    870430    0.33889000E-01
    870431    0.31250000E-01
    870432    0.35000000E-01
    870433    0.27500000E-01
    870434    0.82000000E-01
    870435    0.26429000E-01
    870436    0.28000000E-01
    870437    0.32143000E-01
    870438    0.31250000E-01
    870439    0.11833300E+00
    870440    0.34000000E-01
    870441    0.32857000E-01
    870442    0.11000000E+00
    870443    0.90000000E-01
    870444    0.25000000E-01
    870445    0.25000000E-01
    870446    0.26818000E-01
    870447    0.25000000E-01
    870448    0.25000000E-01
    870449    0.25000000E-01
    870450    0.25000000E-01
    870451    0.25000000E-01
    870452    0.25000000E-01
    870453    0.25000000E-01
    870454    0.25000000E-01
    870455    0.25000000E-01
    870456    0.26429000E-01
    870457    0.28636000E-01
    870458    0.28750000E-01
    870459    0.26250000E-01
    870460    0.27500000E-01
    870461    0.27500000E-01
    870462    0.32500000E-01
    870464    0.22250000E-01
    870465    0.22250000E-01
    870466    0.22615000E-01
    870468    0.90000000E-01
    870469    0.74375000E-01
    870470    0.91667000E-01
    870471    0.73750000E-01
    870472    0.25625000E-01
    870473    0.25000000E-01
    870474    0.25000000E-01
    870475    0.25000000E-01
    870476    0.27143000E-01
    870477    0.27500000E-01
    870478    0.62000000E-01
    870479    0.98889000E-01
    870480    0.70714000E-01
    870481    0.11416700E+00
    870482    0.88846000E-01
    870483    0.26364000E-01
    870484    0.25000000E-01
    870485    0.25000000E-01
    870486    0.25000000E-01
    870487    0.25909000E-01
    870488    0.76667000E-01
    870489    0.29000000E-01
    870490    0.27000000E-01
    870508    0.25000000E-01
    870509    0.25000000E-01
    870511    0.25455000E-01
    870512    0.27500000E-01
    870513    0.26429000E-01
    870514    0.25000000E-01
    870515    0.25000000E-01
    870516    0.25000000E-01
    870517    0.25000000E-01
    878598    0.69286000E-01
    878599    0.26667000E-01
    878600    0.27000000E-01
    878601    0.25455000E-01
    878602    0.25000000E-01
    878603    0.25000000E-01
    878604    0.25000000E-01
    878605    0.25000000E-01
    878606    0.25000000E-01
    878625    0.27500000E-01
    878626    0.25000000E-01
    878627    0.26071000E-01
    878628    0.26500000E-01
    878629    0.28500000E-01
    878630    0.70000000E-01
    878631    0.28571000E-01
    878632    0.70000000E-01
    878633    0.63000000E-01
    878634    0.75500000E-01
    878635    0.60714000E-01
    878636    0.50000000E-01
    878637    0.77000000E-01
    878638    0.11666700E+00
    878639    0.25000000E-01
    878640    0.32500000E-01
    878641    0.30000000E-01
    878642    0.28333000E-01
    878643    0.80000000E-01
    878644    0.50000000E-01
    878645    0.96250000E-01
    878646    0.74444000E-01
    878647    0.50000000E-01
    878648    0.25000000E-01
    878649    0.25000000E-01
    878650    0.11666700E+00
    878651    0.12000000E+00
    878652    0.12850000E+00
    878653    0.52500000E-01
    878654    0.76250000E-01
    878655    0.80000000E-01
    878656    0.32857000E-01
    878657    0.76000000E-01
    878658    0.30625000E-01
    878659    0.33750000E-01
    878660    0.27500000E-01
    878661    0.30500000E-01
    878662    0.25000000E-01
    878663    0.25000000E-01
    878664    0.26429000E-01
    878665    0.30417000E-01
    878666    0.26250000E-01
    878667    0.25000000E-01
    878668    0.28750000E-01
    878670    0.26429000E-01
    878671    0.25000000E-01
    878689    0.25000000E-01
    878690    0.25000000E-01
    878691    0.25000000E-01
    878692    0.25000000E-01
    878693    0.25000000E-01
    878694    0.25500000E-01
    878695    0.25000000E-01
    878696    0.25000000E-01
    878697    0.25000000E-01
    878698    0.25000000E-01
    878722    0.25000000E-01
    878723    0.25000000E-01
    878725    0.25000000E-01
    878727    0.25000000E-01
    878728    0.25714000E-01
    878729    0.25000000E-01
    878730    0.25500000E-01
    878731    0.25000000E-01
    878732    0.27222000E-01
    878733    0.25000000E-01
    878734    0.25455000E-01
    878735    0.25000000E-01
    878736    0.25000000E-01
    878737    0.25000000E-01
    878739    0.30333000E-01
    878740    0.27857000E-01
    878741    0.30000000E-01
    878742    0.28333000E-01
    878758    0.27727000E-01
    878759    0.33571000E-01
    878760    0.30909000E-01
    878761    0.33000000E-01
    878762    0.30000000E-01
    878763    0.82857000E-01
    878764    0.10250000E+00
    878765    0.98125000E-01
    878766    0.10357100E+00
    878767    0.85000000E-01
    878768    0.11250000E+00
    878769    0.25000000E-01
    878770    0.24400000E-01
    878771    0.23800000E-01
    878772    0.25000000E-01
    878773    0.25000000E-01
    878774    0.27000000E-01
    878775    0.29286000E-01
    878776    0.25000000E-01
    878777    0.25000000E-01
    878778    0.25000000E-01
    878779    0.25000000E-01
    878780    0.25000000E-01
    878781    0.25000000E-01
    878782    0.25000000E-01
    878783    0.25000000E-01
    878784    0.29444000E-01
    878785    0.33000000E-01
    878786    0.29375000E-01
    878787    0.71250000E-01
    878788    0.52500000E-01
    878789    0.25222000E-01
    878790    0.25500000E-01
    878791    0.24333000E-01
    878798    0.79375000E-01
    878799    0.63750000E-01
    878800    0.69231000E-01
    878801    0.25000000E-01
    878802    0.25000000E-01
    878803    0.25000000E-01
    878804    0.25000000E-01
    878805    0.25625000E-01
    878806    0.25625000E-01
    878807    0.95714000E-01
    878808    0.10000000E+00
    878809    0.11000000E+00
    878810    0.11062500E+00
    878811    0.10200000E+00
    878812    0.70000000E-01
    878813    0.25000000E-01
    878814    0.25000000E-01
    878815    0.25000000E-01
    878816    0.25000000E-01
    878817    0.25000000E-01
    878818    0.25000000E-01
    878819    0.27500000E-01
    878820    0.27000000E-01
    878821    0.30000000E-01
    878838    0.25000000E-01
    878839    0.25625000E-01
    878841    0.26000000E-01
    878842    0.25833000E-01
    878843    0.25455000E-01
    878844    0.25000000E-01
    878845    0.25000000E-01
    878846    0.25000000E-01
    878847    0.25000000E-01
    878848    0.25000000E-01
    887074    0.69000000E-01
    887075    0.71875000E-01
    887076    0.25714000E-01
    887077    0.26250000E-01
    887078    0.25556000E-01
    887079    0.25000000E-01
    887080    0.25000000E-01
    887103    0.30000000E-01
    887104    0.34000000E-01
    887105    0.30833000E-01
    887106    0.27143000E-01
    887107    0.26818000E-01
    887108    0.27500000E-01
    887109    0.27222000E-01
    887110    0.27143000E-01
    887111    0.28125000E-01
    887112    0.29375000E-01
    887113    0.29286000E-01
    887114    0.27222000E-01
    887115    0.27500000E-01
    887116    0.28125000E-01
    887117    0.14428600E+00
    887118    0.83636000E-01
    887119    0.84000000E-01
    887120    0.11857100E+00
    887121    0.27500000E-01
    887122    0.31000000E-01
    887123    0.30000000E-01
    887124    0.65455000E-01
    887125    0.11642900E+00
    887126    0.90000000E-01
    887127    0.25000000E-01
    887128    0.25000000E-01
    887129    0.26875000E-01
    887130    0.11833300E+00
    887131    0.13285700E+00
    887132    0.14000000E+00
    887133    0.35000000E-01
    887134    0.14909100E+00
    887135    0.67857000E-01
    887136    0.62857000E-01
    887137    0.75500000E-01
    887138    0.80000000E-01
    887139    0.88333000E-01
    887140    0.34000000E-01
    887141    0.10500000E+00
    887142    0.31250000E-01
    887143    0.35000000E-01
    887144    0.31875000E-01
    887145    0.26818000E-01
    887146    0.25000000E-01
    887147    0.25000000E-01
    887148    0.31429000E-01
    887149    0.28636000E-01
    887150    0.32143000E-01
    887151    0.28333000E-01
    887154    0.25000000E-01
    887155    0.26818000E-01
    887157    0.25000000E-01
    887158    0.25000000E-01
    887172    0.25714000E-01
    887173    0.25500000E-01
    887174    0.25833000E-01
    887175    0.25000000E-01
    887176    0.25000000E-01
    887177    0.25000000E-01
    887178    0.26667000E-01
    887179    0.25000000E-01
    887180    0.25000000E-01
    887181    0.25000000E-01
    887182    0.25000000E-01
    887183    0.25000000E-01
    887184    0.25000000E-01
    887185    0.25000000E-01
    887186    0.25000000E-01
    887187    0.25000000E-01
    887188    0.25000000E-01
    887189    0.25000000E-01
    887190    0.25000000E-01
    887191    0.25000000E-01
    887192    0.25000000E-01
    887218    0.26250000E-01
    887219    0.25417000E-01
    887221    0.25000000E-01
    887223    0.26111000E-01
    887224    0.26429000E-01
    887225    0.25455000E-01
    887226    0.26875000E-01
    887227    0.28500000E-01
    887228    0.25455000E-01
    887229    0.25625000E-01
    887230    0.25500000E-01
    887231    0.25000000E-01
    887234    0.28500000E-01
    887235    0.25714000E-01
    887237    0.30286000E-01
    887238    0.28364000E-01
    887239    0.30625000E-01
    887240    0.28333000E-01
    887261    0.24167000E-01
    887262    0.24600000E-01
    887263    0.25000000E-01
    887264    0.25000000E-01
    887265    0.25000000E-01
    887266    0.25000000E-01
    887267    0.25714000E-01
    887268    0.30556000E-01
    887269    0.32500000E-01
    887270    0.31429000E-01
    887271    0.98000000E-01
    887272    0.31667000E-01
    887273    0.32857000E-01
    887274    0.85000000E-01
    887275    0.81667000E-01
    887276    0.71250000E-01
    887277    0.72857000E-01
    887278    0.76875000E-01
    887279    0.25800000E-01
    887280    0.24714000E-01
    887281    0.25200000E-01
    887282    0.96000000E-01
    887283    0.98750000E-01
    887284    0.23333000E-01
    887285    0.25500000E-01
    887286    0.25333000E-01
    887287    0.25333000E-01
    887288    0.24333000E-01
    887289    0.23714000E-01
    887290    0.23500000E-01
    887291    0.23778000E-01
    887292    0.25000000E-01
    887293    0.28333000E-01
    887294    0.28333000E-01
    887295    0.30000000E-01
    887296    0.25000000E-01
    887297    0.25000000E-01
    887298    0.25000000E-01
    887299    0.25000000E-01
    887300    0.26250000E-01
    887301    0.25000000E-01
    887302    0.31250000E-01
    887303    0.50000000E-01
    887304    0.23000000E-01
    887305    0.23143000E-01
    887306    0.22667000E-01
    887313    0.65909000E-01
    887314    0.68125000E-01
    887315    0.29167000E-01
    887316    0.25000000E-01
    887317    0.25000000E-01
    887318    0.25000000E-01
    887319    0.25000000E-01
    887320    0.25000000E-01
    887321    0.25000000E-01
    887322    0.11900000E+00
    887323    0.13000000E+00
    887324    0.10812500E+00
    887325    0.85556000E-01
    887326    0.80000000E-01
    887327    0.25000000E-01
    887328    0.25000000E-01
    887329    0.25000000E-01
    887330    0.25000000E-01
    887331    0.25000000E-01
    887332    0.25000000E-01
    887333    0.25000000E-01
    887334    0.25625000E-01
    887335    0.25083000E-01
    887336    0.24444000E-01
    887337    0.25909000E-01
    887338    0.27083000E-01
    887339    0.27857000E-01
    887356    0.25417000E-01
    887358    0.25556000E-01
    887359    0.25455000E-01
    887360    0.25000000E-01
    887361    0.25000000E-01
    887362    0.25000000E-01
    887363    0.25000000E-01
    887364    0.25000000E-01
    887365    0.25000000E-01
    895683    0.64500000E-01
    895684    0.25833000E-01
    895685    0.68000000E-01
    895686    0.25833000E-01
    895687    0.25455000E-01
    895710    0.31250000E-01
    895711    0.32500000E-01
    895712    0.34286000E-01
    895713    0.31500000E-01
    895714    0.28125000E-01
    895715    0.28182000E-01
    895716    0.27500000E-01
    895717    0.26250000E-01
    895718    0.25000000E-01
    895719    0.27778000E-01
    895720    0.27500000E-01
    895721    0.26667000E-01
    895722    0.26667000E-01
    895723    0.26875000E-01
    895724    0.28750000E-01
    895725    0.15000000E+00
    895726    0.16000000E+00
    895727    0.10269200E+00
    895728    0.11055600E+00
    895729    0.28571000E-01
    895730    0.77500000E-01
    895731    0.10050000E+00
    895732    0.95000000E-01
    895733    0.27500000E-01
    895734    0.27500000E-01
    895735    0.26875000E-01
    895736    0.29167000E-01
    895737    0.11000000E+00
    895738    0.35000000E-01
    895739    0.16000000E+00
    895740    0.35000000E-01
    895741    0.15875000E+00
    895742    0.52500000E-01
    895743    0.71875000E-01
    895744    0.77143000E-01
    895745    0.68750000E-01
    895746    0.75000000E-01
    895747    0.23625000E-01
    895748    0.92727000E-01
    895749    0.91500000E-01
    895750    0.10800000E+00
    895751    0.11000000E+00
    895752    0.10800000E+00
    895753    0.93636000E-01
    895754    0.10400000E+00
    895755    0.32857000E-01
    895756    0.10000000E+00
    895757    0.34167000E-01
    895758    0.34167000E-01
    895759    0.27857000E-01
    895760    0.28750000E-01
    895761    0.29444000E-01
    895762    0.35000000E-01
    895763    0.30714000E-01
    895764    0.30000000E-01
    895768    0.29444000E-01
    895769    0.30000000E-01
    895770    0.31000000E-01
    895772    0.25000000E-01
    895773    0.25000000E-01
    895774    0.25000000E-01
    895775    0.25000000E-01
    895776    0.25000000E-01
    895777    0.25000000E-01
    895789    0.27143000E-01
    895790    0.27143000E-01
    895791    0.12000000E+00
    895792    0.25000000E-01
    895793    0.25000000E-01
    895794    0.26765000E-01
    895795    0.28125000E-01
    895796    0.25833000E-01
    895797    0.25000000E-01
    895798    0.25000000E-01
    895799    0.25000000E-01
    895800    0.25000000E-01
    895801    0.25000000E-01
    895802    0.25000000E-01
    895803    0.25000000E-01
    895804    0.25000000E-01
    895805    0.25000000E-01
    895806    0.25000000E-01
    895807    0.25000000E-01
    895808    0.25000000E-01
    895809    0.25000000E-01
    895810    0.25000000E-01
    895811    0.25000000E-01
    895812    0.25000000E-01
    895813    0.25000000E-01
    895837    0.27143000E-01
    895838    0.25714000E-01
    895839    0.58000000E-01
    895841    0.75000000E-01
    895842    0.11750000E+00
    895843    0.17000000E+00
    895844    0.26875000E-01
    895845    0.31667000E-01
    895846    0.26000000E-01
    895847    0.27500000E-01
    895848    0.25000000E-01
    895853    0.28000000E-01
    895854    0.25545000E-01
    895857    0.28400000E-01
    895858    0.26615000E-01
    895859    0.34375000E-01
    895860    0.31667000E-01
    895861    0.28333000E-01
    895882    0.23444000E-01
    895883    0.23857000E-01
    895886    0.23857000E-01
    895890    0.25000000E-01
    895891    0.25000000E-01
    895892    0.24824000E-01
    895893    0.22667000E-01
    895894    0.23818000E-01
    895895    0.24636000E-01
    895896    0.25000000E-01
    895897    0.32500000E-01
    895898    0.94167000E-01
    895899    0.87500000E-01
    895900    0.34000000E-01
    895901    0.33000000E-01
    895903    0.78125000E-01
    895904    0.56000000E-01
    895905    0.10666700E+00
    895906    0.10375000E+00
    895907    0.90833000E-01
    895908    0.52500000E-01
    895909    0.68000000E-01
    895910    0.80385000E-01
    895911    0.24000000E-01
    895912    0.24600000E-01
    895913    0.77500000E-01
    895915    0.22667000E-01
    895916    0.23545000E-01
    895917    0.22846000E-01
    895918    0.22818000E-01
    895922    0.27727000E-01
    895923    0.29286000E-01
    895924    0.28333000E-01
    895925    0.31667000E-01
    895926    0.27500000E-01
    895927    0.26667000E-01
    895928    0.27500000E-01
    895929    0.29286000E-01
    895930    0.50000000E-01
    895941    0.30000000E-01
    895942    0.71000000E-01
    895943    0.65000000E-01
    895944    0.28333000E-01
    895945    0.25000000E-01
    895946    0.25000000E-01
    895947    0.25000000E-01
    895948    0.25000000E-01
    895949    0.25000000E-01
    895950    0.25000000E-01
    895951    0.26429000E-01
    895952    0.28750000E-01
    895953    0.28750000E-01
    895954    0.25000000E-01
    895955    0.25000000E-01
    895956    0.25000000E-01
    895957    0.25000000E-01
    895958    0.25000000E-01
    895959    0.25714000E-01
    895960    0.25583000E-01
    895961    0.24615000E-01
    895962    0.23667000E-01
    895963    0.22545000E-01
    895964    0.25000000E-01
    895965    0.26667000E-01
    895966    0.26818000E-01
    895984    0.25833000E-01
    895985    0.25455000E-01
    895986    0.25000000E-01
    895987    0.25385000E-01
    895988    0.25000000E-01
    895989    0.25000000E-01
    895990    0.25000000E-01
    904321    0.50000000E-01
    904322    0.55000000E-01
    904323    0.25000000E-01
    904345    0.30000000E-01
    904346    0.30000000E-01
    904347    0.32500000E-01
    904348    0.35000000E-01
    904349    0.32857000E-01
    904350    0.31875000E-01
    904351    0.35000000E-01
    904352    0.29375000E-01
    904353    0.28333000E-01
    904354    0.11166700E+00
    904355    0.25833000E-01
    904356    0.25833000E-01
    904357    0.25000000E-01
    904358    0.26667000E-01
    904359    0.28333000E-01
    904360    0.14562500E+00
    904361    0.16375000E+00
    904362    0.12727300E+00
    904363    0.93333000E-01
    904364    0.10541700E+00
    904365    0.29000000E-01
    904366    0.28571000E-01
    904367    0.61250000E-01
    904368    0.11500000E+00
    904369    0.35000000E-01
    904370    0.13800000E+00
    904371    0.14833300E+00
    904372    0.14937500E+00
    904373    0.34000000E-01
    904374    0.68750000E-01
    904375    0.65000000E-01
    904376    0.62000000E-01
    904377    0.69375000E-01
    904378    0.69375000E-01
    904381    0.23000000E-01
    904382    0.23727000E-01
    904383    0.24636000E-01
    904385    0.11500000E+00
    904387    0.10000000E+00
    904388    0.10333300E+00
    904389    0.10272700E+00
    904390    0.10750000E+00
    904391    0.11000000E+00
    904392    0.98000000E-01
    904393    0.98750000E-01
    904394    0.95714000E-01
    904395    0.97500000E-01
    904396    0.10400000E+00
    904397    0.31000000E-01
    904398    0.31000000E-01
    904399    0.92000000E-01
    904400    0.85000000E-01
    904404    0.33000000E-01
    904405    0.31667000E-01
    904406    0.75000000E-01
    904407    0.61250000E-01
    904408    0.25200000E-01
    904412    0.25000000E-01
    904413    0.25000000E-01
    904414    0.25000000E-01
    904415    0.25000000E-01
    904416    0.25000000E-01
    904417    0.25500000E-01
    904418    0.25000000E-01
    904419    0.25556000E-01
    904420    0.26429000E-01
    904421    0.29375000E-01
    904433    0.30000000E-01
    904434    0.86250000E-01
    904435    0.25000000E-01
    904436    0.25000000E-01
    904437    0.26667000E-01
    904438    0.28333000E-01
    904439    0.30000000E-01
    904440    0.27500000E-01
    904441    0.25909000E-01
    904442    0.25000000E-01
    904443    0.25000000E-01
    904444    0.29444000E-01
    904445    0.25000000E-01
    904446    0.25000000E-01
    904447    0.25000000E-01
    904448    0.25000000E-01
    904449    0.25000000E-01
    904450    0.25000000E-01
    904451    0.25000000E-01
    904452    0.25000000E-01
    904453    0.25000000E-01
    904454    0.25000000E-01
    904455    0.25000000E-01
    904456    0.25000000E-01
    904457    0.25000000E-01
    904458    0.32143000E-01
    904480    0.35000000E-01
    904481    0.12800000E+00
    904483    0.10000000E+00
    904485    0.13833300E+00
    904486    0.34000000E-01
    904487    0.55000000E-01
    904488    0.93333000E-01
    904489    0.35000000E-01
    904496    0.25556000E-01
    904499    0.25000000E-01
    904500    0.24600000E-01
    904501    0.33750000E-01
    904502    0.31111000E-01
    904503    0.27750000E-01
    904507    0.22273000E-01
    904546    0.24357000E-01
    904547    0.25000000E-01
    904548    0.25000000E-01
    904549    0.23750000E-01
    904550    0.22857000E-01
    904551    0.22375000E-01
    904552    0.22375000E-01
    904553    0.22750000E-01
    904554    0.23500000E-01
    904555    0.23636000E-01
    904556    0.67500000E-01
    904557    0.81667000E-01
    904558    0.81250000E-01
    904559    0.10125000E+00
    904560    0.29800000E-01
    904563    0.26333000E-01
    904564    0.24600000E-01
    904567    0.53750000E-01
    904568    0.23625000E-01
    904569    0.23182000E-01
    904579    0.30000000E-01
    904580    0.50000000E-01
    904581    0.30000000E-01
    904582    0.92500000E-01
    904583    0.28750000E-01
    904584    0.31000000E-01
    904585    0.29286000E-01
    904586    0.50000000E-01
    904596    0.23545000E-01
    904597    0.28333000E-01
    904598    0.27778000E-01
    904599    0.27857000E-01
    904600    0.28000000E-01
    904601    0.26875000E-01
    904602    0.25000000E-01
    904603    0.25000000E-01
    904604    0.25000000E-01
    904605    0.25000000E-01
    904606    0.25000000E-01
    904607    0.25000000E-01
    904608    0.27000000E-01
    904609    0.26667000E-01
    904610    0.27000000E-01
    904611    0.25000000E-01
    904612    0.25000000E-01
    904613    0.25357000E-01
    904614    0.25000000E-01
    904615    0.25909000E-01
    904616    0.25364000E-01
    904617    0.24000000E-01
    904618    0.24500000E-01
    904619    0.25909000E-01
    904620    0.23500000E-01
    904621    0.22857000E-01
    904622    0.22273000E-01
    904623    0.22375000E-01
    904624    0.25000000E-01
    904625    0.25000000E-01
    904626    0.25833000E-01
    904644    0.27500000E-01
    904645    0.26667000E-01
    904646    0.27083000E-01
    904647    0.26111000E-01
    904648    0.25455000E-01
    904649    0.25000000E-01
    912990    0.65000000E-01
    912991    0.52500000E-01
    912992    0.25000000E-01
    913011    0.10000000E+00
    913012    0.30833000E-01
    913013    0.33571000E-01
    913014    0.34000000E-01
    913015    0.33000000E-01
    913016    0.10000000E+00
    913017    0.10800000E+00
    913018    0.12083300E+00
    913019    0.13500000E+00
    913020    0.15600000E+00
    913021    0.13700000E+00
    913022    0.11812500E+00
    913023    0.10388900E+00
    913024    0.73333000E-01
    913025    0.67500000E-01
    913026    0.71429000E-01
    913027    0.95000000E-01
    913028    0.12916700E+00
    913029    0.12062500E+00
    913030    0.13500000E+00
    913031    0.12500000E+00
    913032    0.32000000E-01
    913033    0.32000000E-01
    913034    0.64583000E-01
    913035    0.83333000E-01
    913036    0.55833000E-01
    913037    0.62500000E-01
    913038    0.52857000E-01
    913041    0.25625000E-01
    913042    0.27000000E-01
    913043    0.28429000E-01
    913044    0.28111000E-01
    913045    0.28429000E-01
    913046    0.11142900E+00
    913047    0.10500000E+00
    913048    0.10375000E+00
    913049    0.10272700E+00
    913050    0.10125000E+00
    913051    0.10666700E+00
    913052    0.10125000E+00
    913053    0.99167000E-01
    913054    0.98750000E-01
    913055    0.98571000E-01
    913056    0.90000000E-01
    913057    0.95556000E-01
    913058    0.61250000E-01
    913060    0.77857000E-01
    913061    0.56000000E-01
    913062    0.76875000E-01
    913063    0.23583000E-01
    913066    0.27500000E-01
    913067    0.25000000E-01
    913068    0.25000000E-01
    913069    0.25000000E-01
    913070    0.25000000E-01
    913071    0.25000000E-01
    913072    0.26500000E-01
    913073    0.26667000E-01
    913074    0.28333000E-01
    913075    0.27500000E-01
    913076    0.31875000E-01
    913077    0.26000000E-01
    913078    0.22667000E-01
    913090    0.26250000E-01
    913091    0.28333000E-01
    913092    0.28750000E-01
    913093    0.74286000E-01
    913094    0.28000000E-01
    913095    0.28000000E-01
    913096    0.27857000E-01
    913097    0.28750000E-01
    913098    0.81000000E-01
    913099    0.29286000E-01
    913100    0.25909000E-01
    913101    0.25000000E-01
    913102    0.29444000E-01
    913103    0.31667000E-01
    913104    0.25000000E-01
    913105    0.25000000E-01
    913106    0.25000000E-01
    913107    0.25000000E-01
    913108    0.25000000E-01
    913109    0.25000000E-01
    913110    0.25000000E-01
    913111    0.25000000E-01
    913112    0.25000000E-01
    913113    0.27000000E-01
    913114    0.25000000E-01
    913115    0.25000000E-01
    913116    0.35000000E-01
    913117    0.35000000E-01
    913136    0.33571000E-01
    913137    0.34375000E-01
    913138    0.32500000E-01
    913141    0.34167000E-01
    913142    0.34167000E-01
    913143    0.35000000E-01
    913144    0.34167000E-01
    913151    0.25875000E-01
    913152    0.22750000E-01
    913153    0.25667000E-01
    913154    0.22429000E-01
    913156    0.23125000E-01
    913157    0.23200000E-01
    913158    0.26400000E-01
    913159    0.34167000E-01
    913160    0.33000000E-01
    913161    0.31000000E-01
    913164    0.22250000E-01
    913203    0.27222000E-01
    913215    0.23333000E-01
    913216    0.22375000E-01
    913218    0.23333000E-01
    913219    0.24077000E-01
    913220    0.24200000E-01
    913221    0.23615000E-01
    913222    0.22900000E-01
    913223    0.23125000E-01
    913224    0.23800000E-01
    913225    0.22333000E-01
    913226    0.22375000E-01
    913227    0.22429000E-01
    913228    0.22750000E-01
    913229    0.25000000E-01
    913230    0.25000000E-01
    913231    0.25000000E-01
    913232    0.25556000E-01
    913233    0.23200000E-01
    913234    0.27800000E-01
    913235    0.25167000E-01
    913236    0.26333000E-01
    913237    0.26875000E-01
    913240    0.24600000E-01
    913241    0.23182000E-01
    913254    0.50000000E-01
    913255    0.10000000E+00
    913256    0.24714000E-01
    913257    0.65000000E-01
    913258    0.73750000E-01
    913267    0.22750000E-01
    913268    0.26111000E-01
    913269    0.24857000E-01
    913270    0.25556000E-01
    913271    0.25000000E-01
    913272    0.25000000E-01
    913273    0.25000000E-01
    913274    0.25000000E-01
    913275    0.25909000E-01
    913276    0.27000000E-01
    913277    0.26538000E-01
    913278    0.25000000E-01
    913279    0.25714000E-01
    913280    0.26250000E-01
    913281    0.26000000E-01
    913282    0.25000000E-01
    913283    0.25000000E-01
    913284    0.25000000E-01
    913285    0.25000000E-01
    913286    0.25000000E-01
    913287    0.25000000E-01
    913288    0.25000000E-01
    913289    0.25000000E-01
    913290    0.25000000E-01
    913291    0.26250000E-01
    913292    0.25625000E-01
    913293    0.26364000E-01
    913294    0.25100000E-01
    913295    0.23333000E-01
    913296    0.22429000E-01
    913297    0.25400000E-01
    913298    0.24778000E-01
    913299    0.22333000E-01
    913300    0.22375000E-01
    913301    0.27700000E-01
    913302    0.25455000E-01
    913303    0.25417000E-01
    913304    0.25455000E-01
    913326    0.28364000E-01
    913328    0.27000000E-01
    921757    0.78333000E-01
    921759    0.74444000E-01
    921760    0.58333000E-01
    921776    0.10812500E+00
    921777    0.11400000E+00
    921778    0.13100000E+00
    921779    0.14500000E+00
    921780    0.11500000E+00
    921781    0.10285700E+00
    921782    0.11409100E+00
    921783    0.11687500E+00
    921784    0.10555600E+00
    921785    0.10454500E+00
    921786    0.56000000E-01
    921787    0.56875000E-01
    921788    0.12937500E+00
    921789    0.11000000E+00
    921790    0.81429000E-01
    921791    0.12625000E+00
    921792    0.33000000E-01
    921793    0.11600000E+00
    921794    0.32000000E-01
    921795    0.82500000E-01
    921796    0.10000000E+00
    921797    0.32500000E-01
    921798    0.78571000E-01
    921799    0.90500000E-01
    921800    0.91875000E-01
    921802    0.10400000E+00
    921803    0.31667000E-01
    921804    0.10500000E+00
    921805    0.29857000E-01
    921806    0.31167000E-01
    921807    0.32500000E-01
    921808    0.10666700E+00
    921809    0.10090900E+00
    921810    0.10500000E+00
    921811    0.10500000E+00
    921812    0.10111100E+00
    921813    0.99167000E-01
    921814    0.93750000E-01
    921815    0.88182000E-01
    921816    0.68889000E-01
    921818    0.86667000E-01
    921819    0.77727000E-01
    921820    0.22545000E-01
    921823    0.31167000E-01
    921824    0.27273000E-01
    921825    0.25000000E-01
    921826    0.26111000E-01
    921827    0.25625000E-01
    921828    0.25417000E-01
    921829    0.27143000E-01
    921830    0.27857000E-01
    921831    0.76667000E-01
    921832    0.67000000E-01
    921833    0.26667000E-01
    921834    0.27222000E-01
    921835    0.27857000E-01
    921836    0.25357000E-01
    921837    0.25455000E-01
    921838    0.22600000E-01
    921849    0.27500000E-01
    921850    0.30000000E-01
    921851    0.29286000E-01
    921852    0.30000000E-01
    921853    0.56875000E-01
    921854    0.55000000E-01
    921855    0.30714000E-01
    921856    0.30000000E-01
    921857    0.58333000E-01
    921858    0.68750000E-01
    921859    0.28000000E-01
    921860    0.28889000E-01
    921861    0.31667000E-01
    921862    0.25000000E-01
    921863    0.25000000E-01
    921864    0.25000000E-01
    921865    0.25000000E-01
    921866    0.25000000E-01
    921867    0.27778000E-01
    921868    0.25000000E-01
    921869    0.25000000E-01
    921870    0.26111000E-01
    921871    0.28750000E-01
    921872    0.28000000E-01
    921873    0.35000000E-01
    921874    0.35000000E-01
    921875    0.67000000E-01
    921896    0.34286000E-01
    921897    0.34286000E-01
    921903    0.25000000E-01
    921904    0.30000000E-01
    921905    0.27500000E-01
    921906    0.25000000E-01
    921907    0.26000000E-01
    921908    0.10333300E+00
    921909    0.32500000E-01
    921910    0.25636000E-01
    921911    0.30700000E-01
    921912    0.12666700E+00
    921913    0.22600000E-01
    921915    0.22429000E-01
    921916    0.85000000E-01
    921917    0.80000000E-01
    921918    0.73750000E-01
    921919    0.81250000E-01
    921920    0.65833000E-01
    921923    0.24600000E-01
    921967    0.11666700E+00
    921968    0.27500000E-01
    921969    0.25000000E-01
    921977    0.24000000E-01
    921980    0.22667000E-01
    921982    0.23500000E-01
    921983    0.22375000E-01
    921984    0.23000000E-01
    921985    0.23000000E-01
    921986    0.22818000E-01
    921987    0.23125000E-01
    921988    0.22333000E-01
    921991    0.23667000E-01
    921992    0.24667000E-01
    921993    0.25000000E-01
    921994    0.23000000E-01
    921995    0.22333000E-01
    921997    0.25000000E-01
    921998    0.25000000E-01
    921999    0.25000000E-01
    922000    0.25000000E-01
    922001    0.25000000E-01
    922002    0.25000000E-01
    922003    0.27143000E-01
    922004    0.25625000E-01
    922005    0.22750000E-01
    922006    0.24111000E-01
    922007    0.23625000E-01
    922023    0.24000000E-01
    922024    0.22429000E-01
    922025    0.23182000E-01
    922030    0.22300000E-01
    922031    0.22600000E-01
    922032    0.22600000E-01
    922033    0.23636000E-01
    922034    0.25125000E-01
    922035    0.25000000E-01
    922036    0.25000000E-01
    922037    0.25000000E-01
    922038    0.25000000E-01
    922039    0.25000000E-01
    922040    0.25000000E-01
    922041    0.25000000E-01
    922042    0.25000000E-01
    922043    0.25000000E-01
    922044    0.25000000E-01
    922045    0.27222000E-01
    922046    0.30714000E-01
    922047    0.25833000E-01
    922048    0.25000000E-01
    922049    0.25000000E-01
    922050    0.25500000E-01
    922051    0.25500000E-01
    922052    0.23750000E-01
    922053    0.25000000E-01
    922054    0.25000000E-01
    922055    0.25000000E-01
    922056    0.25556000E-01
    922057    0.25625000E-01
    922058    0.25417000E-01
    922059    0.22600000E-01
    922060    0.26000000E-01
    922061    0.26667000E-01
    922062    0.26273000E-01
    922063    0.23818000E-01
    922064    0.22750000E-01
    922066    0.26222000E-01
    922067    0.23583000E-01
    922068    0.30000000E-01
    922069    0.26364000E-01
    922070    0.26111000E-01
    922071    0.26000000E-01
    930641    0.75000000E-01
    930643    0.62500000E-01
    930658    0.12681800E+00
    930659    0.13125000E+00
    930660    0.10500000E+00
    930661    0.12281300E+00
    930662    0.12571400E+00
    930663    0.70625000E-01
    930664    0.11772700E+00
    930665    0.11722200E+00
    930666    0.32500000E-01
    930667    0.11250000E+00
    930668    0.11285700E+00
    930669    0.10812500E+00
    930670    0.12500000E+00
    930671    0.13357100E+00
    930672    0.11000000E+00
    930673    0.11125000E+00
    930674    0.92778000E-01
    930676    0.10571400E+00
    930677    0.11200000E+00
    930678    0.96667000E-01
    930679    0.10500000E+00
    930680    0.10666700E+00
    930681    0.10230800E+00
    930682    0.99000000E-01
    930683    0.92727000E-01
    930684    0.90833000E-01
    930685    0.83077000E-01
    930686    0.80000000E-01
    930687    0.24667000E-01
    930688    0.22250000E-01
    930689    0.22333000E-01
    930690    0.96667000E-01
    930691    0.30286000E-01
    930692    0.28429000E-01
    930693    0.32500000E-01
    930694    0.26667000E-01
    930695    0.27857000E-01
    930696    0.26429000E-01
    930697    0.71250000E-01
    930698    0.76667000E-01
    930699    0.60000000E-01
    930700    0.28333000E-01
    930701    0.28636000E-01
    930702    0.26091000E-01
    930703    0.29500000E-01
    930713    0.29286000E-01
    930714    0.85000000E-01
    930715    0.88000000E-01
    930716    0.82000000E-01
    930717    0.58333000E-01
    930718    0.67857000E-01
    930719    0.79167000E-01
    930720    0.73125000E-01
    930721    0.30000000E-01
    930722    0.31250000E-01
    930723    0.50000000E-01
    930724    0.25000000E-01
    930725    0.25000000E-01
    930726    0.25000000E-01
    930727    0.25000000E-01
    930728    0.28333000E-01
    930729    0.26111000E-01
    930730    0.28571000E-01
    930731    0.28000000E-01
    930732    0.29286000E-01
    930733    0.29286000E-01
    930734    0.29286000E-01
    930735    0.55000000E-01
    930736    0.71250000E-01
    930758    0.63333000E-01
    930759    0.50000000E-01
    930760    0.50000000E-01
    930761    0.33000000E-01
    930762    0.33333000E-01
    930763    0.32500000E-01
    930764    0.32000000E-01
    930765    0.33125000E-01
    930766    0.34167000E-01
    930767    0.33000000E-01
    930768    0.30100000E-01
    930769    0.33125000E-01
    930770    0.33333000E-01
    930771    0.33333000E-01
    930772    0.35000000E-01
    930775    0.22375000E-01
    930779    0.59375000E-01
    930780    0.50000000E-01
    930781    0.27200000E-01
    930783    0.23182000E-01
    930843    0.76250000E-01
    930844    0.26667000E-01
    930845    0.25000000E-01
    930846    0.25000000E-01
    930847    0.32857000E-01
    930848    0.51667000E-01
    930855    0.22375000E-01
    930856    0.23000000E-01
    930861    0.22500000E-01
    930863    0.22375000E-01
    930864    0.22375000E-01
    930870    0.22692000E-01
    930871    0.24400000E-01
    930872    0.25000000E-01
    930873    0.23500000E-01
    930874    0.22923000E-01
    930875    0.50625000E-01
    930876    0.50000000E-01
    930877    0.50000000E-01
    930878    0.25000000E-01
    930879    0.25000000E-01
    930880    0.25000000E-01
    930881    0.25000000E-01
    930882    0.28750000E-01
    930883    0.26538000E-01
    930884    0.25000000E-01
    930886    0.22273000E-01
    930889    0.22545000E-01
    930890    0.22462000E-01
    930895    0.22429000E-01
    930898    0.22667000E-01
    930903    0.22429000E-01
    930904    0.22500000E-01
    930905    0.22900000E-01
    930906    0.23200000E-01
    930907    0.23500000E-01
    930908    0.24727000E-01
    930909    0.25000000E-01
    930910    0.25000000E-01
    930911    0.25000000E-01
    930912    0.26923000E-01
    930913    0.25000000E-01
    930914    0.25500000E-01
    930915    0.25000000E-01
    930916    0.25000000E-01
    930917    0.25000000E-01
    930918    0.25000000E-01
    930919    0.25000000E-01
    930920    0.25000000E-01
    930921    0.28571000E-01
    930922    0.95000000E-01
    930923    0.26500000E-01
    930924    0.26875000E-01
    930925    0.26500000E-01
    930926    0.26000000E-01
    930927    0.26364000E-01
    930928    0.23846000E-01
    930929    0.25455000E-01
    930930    0.25909000E-01
    930931    0.26364000E-01
    930932    0.26250000E-01
    930933    0.23333000E-01
    930934    0.22333000E-01
    930935    0.22667000E-01
    930936    0.26818000E-01
    930937    0.26714000E-01
    930938    0.24273000E-01
    930939    0.22750000E-01
    930940    0.22462000E-01
    930941    0.22545000E-01
    930942    0.25455000E-01
    930943    0.29273000E-01
    930944    0.26875000E-01
    930945    0.26875000E-01
    930946    0.26667000E-01
    930982    0.28571000E-01
    930983    0.26333000E-01
    930984    0.25769000E-01
    930985    0.33571000E-01
    939743    0.79500000E-01
    939756    0.11458300E+00
    939757    0.12555600E+00
    939758    0.10750000E+00
    939759    0.89545000E-01
    939760    0.10550000E+00
    939761    0.91111000E-01
    939762    0.12428600E+00
    939763    0.13916700E+00
    939764    0.10166700E+00
    939765    0.11875000E+00
    939766    0.13545500E+00
    939767    0.13333300E+00
    939768    0.12409100E+00
    939769    0.11950000E+00
    939770    0.93000000E-01
    939771    0.78333000E-01
    939773    0.11000000E+00
    939774    0.10375000E+00
    939775    0.10800000E+00
    939776    0.10250000E+00
    939777    0.87500000E-01
    939778    0.83000000E-01
    939779    0.79500000E-01
    939780    0.26091000E-01
    939781    0.24600000E-01
    939782    0.26143000E-01
    939783    0.10200000E+00
    939784    0.93333000E-01
    939785    0.31167000E-01
    939786    0.10250000E+00
    939787    0.75000000E-01
    939788    0.75000000E-01
    939789    0.76111000E-01
    939790    0.63500000E-01
    939791    0.81000000E-01
    939792    0.29000000E-01
    939793    0.83750000E-01
    939803    0.68000000E-01
    939804    0.87143000E-01
    939805    0.73571000E-01
    939806    0.85000000E-01
    939807    0.79091000E-01
    939808    0.82273000E-01
    939809    0.85000000E-01
    939810    0.63571000E-01
    939811    0.26923000E-01
    939812    0.26667000E-01
    939813    0.85000000E-01
    939814    0.28750000E-01
    939815    0.29167000E-01
    939816    0.29167000E-01
    939817    0.30000000E-01
    939818    0.50000000E-01
    939819    0.65000000E-01
    939820    0.63750000E-01
    939821    0.65000000E-01
    939842    0.32857000E-01
    939843    0.33333000E-01
    939844    0.33333000E-01
    939845    0.34167000E-01
    939846    0.33750000E-01
    939847    0.33500000E-01
    939848    0.35000000E-01
    939849    0.35000000E-01
    939850    0.33750000E-01
    939851    0.32636000E-01
    939852    0.33750000E-01
    939853    0.33125000E-01
    939854    0.33125000E-01
    939855    0.33750000E-01
    939856    0.33462000E-01
    939863    0.26875000E-01
    939865    0.23444000E-01
    939931    0.25000000E-01
    939932    0.25000000E-01
    939933    0.25000000E-01
    939934    0.25000000E-01
    939935    0.25000000E-01
    939936    0.33571000E-01
    939937    0.50000000E-01
    939938    0.32500000E-01
    939939    0.25000000E-01
    939940    0.25000000E-01
    939941    0.22800000E-01
    939942    0.23909000E-01
    939943    0.24000000E-01
    939944    0.24400000E-01
    939945    0.25222000E-01
    939946    0.26500000E-01
    939950    0.24000000E-01
    939952    0.22429000E-01
    939953    0.22333000E-01
    939954    0.22500000E-01
    939957    0.22818000E-01
    939958    0.22900000E-01
    939959    0.24500000E-01
    939960    0.50000000E-01
    939961    0.24000000E-01
    939962    0.50625000E-01
    939963    0.56667000E-01
    939964    0.53889000E-01
    939965    0.31429000E-01
    939966    0.33333000E-01
    939967    0.51429000E-01
    939968    0.34286000E-01
    939969    0.25000000E-01
    939970    0.25000000E-01
    939971    0.25000000E-01
    939972    0.29000000E-01
    939973    0.25000000E-01
    939974    0.25000000E-01
    939975    0.22250000E-01
    939977    0.22273000E-01
    939978    0.24692000E-01
    939979    0.26091000E-01
    939981    0.22231000E-01
    939982    0.23000000E-01
    939983    0.23500000E-01
    939984    0.22750000E-01
    939985    0.23286000E-01
    939986    0.24143000E-01
    939987    0.22300000E-01
    939988    0.22750000E-01
    939989    0.22600000E-01
    939990    0.23000000E-01
    939991    0.23750000E-01
    939992    0.24182000E-01
    939993    0.24455000E-01
    939994    0.25000000E-01
    939995    0.25000000E-01
    939996    0.25000000E-01
    939997    0.25000000E-01
    939998    0.28125000E-01
    939999    0.25500000E-01
    940000    0.27143000E-01
    940001    0.25385000E-01
    940002    0.25000000E-01
    940003    0.25000000E-01
    940004    0.25000000E-01
    940005    0.25000000E-01
    940006    0.25833000E-01
    940007    0.25000000E-01
    940008    0.25000000E-01
    940009    0.10333300E+00
    940010    0.29000000E-01
    940011    0.28571000E-01
    940012    0.27500000E-01
    940013    0.28125000E-01
    940014    0.26500000E-01
    940015    0.26364000E-01
    940016    0.24091000E-01
    940017    0.27286000E-01
    940018    0.25667000E-01
    940019    0.28333000E-01
    940020    0.25000000E-01
    940021    0.24000000E-01
    940022    0.22500000E-01
    940023    0.23400000E-01
    940024    0.30455000E-01
    940025    0.32500000E-01
    940026    0.27000000E-01
    940027    0.24500000E-01
    940028    0.23375000E-01
    940029    0.22333000E-01
    940031    0.22857000E-01
    940032    0.25417000E-01
    940033    0.26700000E-01
    940034    0.31667000E-01
    940035    0.28889000E-01
    940036    0.27000000E-01
    940037    0.27273000E-01
    940038    0.34286000E-01
    940039    0.35000000E-01
    940040    0.34545000E-01
    940082    0.31429000E-01
    940083    0.33000000E-01
    940084    0.29167000E-01
    940085    0.30000000E-01
    940086    0.30000000E-01
    940087    0.50000000E-01
    940088    0.50000000E-01
    949015    0.94583000E-01
    949016    0.10678600E+00
    949017    0.10653800E+00
    949018    0.82778000E-01
    949019    0.72778000E-01
    949020    0.13916700E+00
    949021    0.13041700E+00
    949022    0.12437500E+00
    949023    0.12625000E+00
    949024    0.13812500E+00
    949025    0.11500000E+00
    949026    0.94500000E-01
    949028    0.84375000E-01
    949029    0.81111000E-01
    949032    0.10583300E+00
    949033    0.10230800E+00
    949034    0.77000000E-01
    949035    0.67500000E-01
    949036    0.10375000E+00
    949037    0.29857000E-01
    949038    0.26875000E-01
    949039    0.10714300E+00
    949040    0.10500000E+00
    949041    0.87083000E-01
    949042    0.82727000E-01
    949043    0.86875000E-01
    949044    0.88125000E-01
    949045    0.10000000E+00
    949052    0.60417000E-01
    949053    0.78500000E-01
    949054    0.72222000E-01
    949055    0.76818000E-01
    949056    0.78333000E-01
    949057    0.80714000E-01
    949058    0.78750000E-01
    949059    0.86875000E-01
    949060    0.28125000E-01
    949061    0.87143000E-01
    949062    0.82500000E-01
    949063    0.67143000E-01
    949064    0.58750000E-01
    949065    0.84375000E-01
    949066    0.91667000E-01
    949067    0.90000000E-01
    949089    0.33571000E-01
    949090    0.34167000E-01
    949091    0.34444000E-01
    949092    0.34167000E-01
    949093    0.35000000E-01
    949094    0.35000000E-01
    949095    0.11333300E+00
    949096    0.34286000E-01
    949097    0.29000000E-01
    949098    0.33636000E-01
    949099    0.35000000E-01
    949101    0.32222000E-01
    949108    0.23778000E-01
    949188    0.25000000E-01
    949189    0.25000000E-01
    949190    0.25000000E-01
    949191    0.25000000E-01
    949192    0.25000000E-01
    949195    0.32857000E-01
    949197    0.50000000E-01
    949198    0.28571000E-01
    949199    0.25000000E-01
    949200    0.25000000E-01
    949201    0.25000000E-01
    949202    0.25625000E-01
    949203    0.26857000E-01
    949204    0.26800000E-01
    949205    0.26800000E-01
    949206    0.28429000E-01
    949207    0.31000000E-01
    949208    0.72500000E-01
    949209    0.23857000E-01
    949210    0.24636000E-01
    949211    0.28167000E-01
    949212    0.23778000E-01
    949213    0.23125000E-01
    949214    0.23273000E-01
    949215    0.23222000E-01
    949216    0.23286000E-01
    949217    0.23714000E-01
    949218    0.50000000E-01
    949219    0.71429000E-01
    949220    0.56667000E-01
    949221    0.57000000E-01
    949222    0.55833000E-01
    949223    0.30000000E-01
    949224    0.31667000E-01
    949225    0.52000000E-01
    949226    0.35000000E-01
    949227    0.33182000E-01
    949228    0.25000000E-01
    949229    0.25000000E-01
    949230    0.27000000E-01
    949231    0.25000000E-01
    949232    0.25000000E-01
    949233    0.24923000E-01
    949234    0.23167000E-01
    949235    0.26667000E-01
    949236    0.29625000E-01
    949237    0.22818000E-01
    949238    0.23500000E-01
    949239    0.24455000E-01
    949240    0.25000000E-01
    949241    0.23909000E-01
    949242    0.24625000E-01
    949243    0.25071000E-01
    949244    0.25667000E-01
    949245    0.24308000E-01
    949246    0.24750000E-01
    949247    0.25000000E-01
    949248    0.25000000E-01
    949249    0.25000000E-01
    949250    0.25000000E-01
    949251    0.28571000E-01
    949252    0.26923000E-01
    949253    0.25000000E-01
    949254    0.25000000E-01
    949255    0.25909000E-01
    949256    0.25000000E-01
    949257    0.25000000E-01
    949258    0.26250000E-01
    949259    0.25909000E-01
    949260    0.25000000E-01
    949261    0.25000000E-01
    949262    0.11500000E+00
    949263    0.31000000E-01
    949264    0.26667000E-01
    949265    0.27750000E-01
    949266    0.28500000E-01
    949267    0.27500000E-01
    949268    0.26727000E-01
    949269    0.23571000E-01
    949270    0.25727000E-01
    949271    0.25000000E-01
    949272    0.24727000E-01
    949273    0.23385000E-01
    949275    0.33636000E-01
    949276    0.34000000E-01
    949277    0.28750000E-01
    949278    0.31250000E-01
    949279    0.27857000E-01
    949280    0.34167000E-01
    949281    0.34286000E-01
    949282    0.25500000E-01
    949283    0.23778000E-01
    949286    0.22429000E-01
    949287    0.23636000E-01
    949288    0.27077000E-01
    949289    0.30000000E-01
    949290    0.27500000E-01
    949291    0.25000000E-01
    949292    0.25000000E-01
    949293    0.35000000E-01
    949294    0.35000000E-01
    949295    0.34375000E-01
    949296    0.50000000E-01
    949297    0.35000000E-01
    949298    0.35000000E-01
    949299    0.50000000E-01
    949300    0.35000000E-01
    949301    0.35000000E-01
    949343    0.50000000E-01
    949344    0.65833000E-01
    949345    0.65000000E-01
    949346    0.50000000E-01
    949347    0.50000000E-01
    958429    0.82917000E-01
    958430    0.76250000E-01
    958431    0.97917000E-01
    958432    0.68750000E-01
    958433    0.11571400E+00
    958434    0.11769200E+00
    958435    0.10450000E+00
    958436    0.84000000E-01
    958437    0.77500000E-01
    958442    0.95556000E-01
    958445    0.10500000E+00
    958446    0.88000000E-01
    958447    0.83000000E-01
    958448    0.10333300E+00
    958449    0.10750000E+00
    958450    0.10181800E+00
    958451    0.96364000E-01
    958452    0.98889000E-01
    958457    0.87143000E-01
    958458    0.52500000E-01
    958459    0.73462000E-01
    958460    0.86500000E-01
    958461    0.89375000E-01
    958462    0.96667000E-01
    958463    0.85714000E-01
    958464    0.76000000E-01
    958465    0.63125000E-01
    958466    0.92222000E-01
    958467    0.99375000E-01
    958468    0.95000000E-01
    958494    0.88000000E-01
    958495    0.63750000E-01
    958496    0.35000000E-01
    958497    0.34286000E-01
    958498    0.90000000E-01
    958499    0.32500000E-01
    958500    0.27091000E-01
    958501    0.33182000E-01
    958502    0.33571000E-01
    958510    0.25455000E-01
    958511    0.22750000E-01
    958512    0.26714000E-01
    958598    0.25000000E-01
    958599    0.25000000E-01
    958600    0.25000000E-01
    958601    0.25000000E-01
    958602    0.25000000E-01
    958606    0.31875000E-01
    958608    0.27857000E-01
    958609    0.25833000E-01
    958610    0.25000000E-01
    958611    0.27778000E-01
    958612    0.64000000E-01
    958613    0.51250000E-01
    958614    0.59000000E-01
    958615    0.61667000E-01
    958616    0.26000000E-01
    958617    0.50000000E-01
    958618    0.25429000E-01
    958619    0.24125000E-01
    958620    0.24333000E-01
    958621    0.68333000E-01
    958622    0.67778000E-01
    958623    0.67222000E-01
    958624    0.78333000E-01
    958625    0.63571000E-01
    958626    0.76429000E-01
    958627    0.51250000E-01
    958628    0.29545000E-01
    958629    0.29375000E-01
    958630    0.33000000E-01
    958631    0.31667000E-01
    958632    0.31667000E-01
    958633    0.33125000E-01
    958634    0.30556000E-01
    958635    0.26667000E-01
    958636    0.25000000E-01
    958637    0.25000000E-01
    958638    0.25000000E-01
    958639    0.29286000E-01
    958640    0.27333000E-01
    958641    0.30333000E-01
    958642    0.59000000E-01
    958643    0.27125000E-01
    958644    0.27778000E-01
    958645    0.27500000E-01
    958646    0.26500000E-01
    958647    0.25000000E-01
    958648    0.28143000E-01
    958649    0.29167000E-01
    958650    0.25000000E-01
    958651    0.25000000E-01
    958652    0.25000000E-01
    958653    0.25000000E-01
    958654    0.25000000E-01
    958655    0.25000000E-01
    958656    0.25417000E-01
    958657    0.25000000E-01
    958658    0.28750000E-01
    958659    0.11333300E+00
    958660    0.27222000E-01
    958661    0.25000000E-01
    958662    0.25000000E-01
    958663    0.26250000E-01
    958664    0.26429000E-01
    958665    0.28750000E-01
    958666    0.27857000E-01
    958667    0.27222000E-01
    958668    0.25909000E-01
    958669    0.25000000E-01
    958670    0.29444000E-01
    958671    0.31000000E-01
    958672    0.11500000E+00
    958673    0.25625000E-01
    958674    0.26778000E-01
    958675    0.26857000E-01
    958676    0.24500000E-01
    958677    0.22667000E-01
    958678    0.23600000E-01
    958679    0.25000000E-01
    958680    0.24182000E-01
    958681    0.22692000E-01
    958682    0.32222000E-01
    958683    0.32857000E-01
    958684    0.29375000E-01
    958685    0.31667000E-01
    958686    0.27143000E-01
    958687    0.32500000E-01
    958688    0.33000000E-01
    958689    0.34167000E-01
    958690    0.23600000E-01
    958692    0.22375000E-01
    958693    0.23125000E-01
    958694    0.25500000E-01
    958695    0.27143000E-01
    958696    0.28333000E-01
    958697    0.30000000E-01
    958698    0.29286000E-01
    958699    0.22917000E-01
    958700    0.23778000E-01
    958701    0.22375000E-01
    958702    0.35000000E-01
    958703    0.35000000E-01
    958704    0.34500000E-01
    958705    0.34000000E-01
    958706    0.50000000E-01
    958707    0.50000000E-01
    958708    0.50000000E-01
    958709    0.35000000E-01
    958710    0.50000000E-01
    958711    0.50000000E-01
    958750    0.55000000E-01
    958751    0.50000000E-01
    958752    0.50000000E-01
    958753    0.50000000E-01
    967938    0.72500000E-01
    967939    0.70000000E-01
    967940    0.80500000E-01
    967941    0.78500000E-01
    967942    0.65500000E-01
    967943    0.10166700E+00
    967944    0.84286000E-01
    967945    0.88462000E-01
    967946    0.74286000E-01
    967947    0.85000000E-01
    967956    0.90909000E-01
    967958    0.10555600E+00
    967959    0.96500000E-01
    967960    0.10538500E+00
    967961    0.10000000E+00
    967962    0.97143000E-01
    967966    0.93750000E-01
    967967    0.64444000E-01
    967968    0.71071000E-01
    967969    0.85000000E-01
    967970    0.10363600E+00
    967971    0.91154000E-01
    967972    0.78000000E-01
    967973    0.10500000E+00
    967974    0.10200000E+00
    968008    0.73750000E-01
    968009    0.50000000E-01
    968010    0.80714000E-01
    968011    0.29167000E-01
    968017    0.22462000E-01
    968019    0.24273000E-01
    968020    0.28000000E-01
    968112    0.25000000E-01
    968113    0.25000000E-01
    968114    0.25000000E-01
    968115    0.25000000E-01
    968116    0.25455000E-01
    968123    0.32778000E-01
    968125    0.29375000E-01
    968128    0.27500000E-01
    968129    0.25000000E-01
    968130    0.30000000E-01
    968131    0.30000000E-01
    968132    0.55556000E-01
    968133    0.60556000E-01
    968134    0.50000000E-01
    968135    0.63000000E-01
    968136    0.66250000E-01
    968137    0.65714000E-01
    968138    0.81364000E-01
    968139    0.30000000E-01
    968140    0.78000000E-01
    968141    0.66429000E-01
    968142    0.27143000E-01
    968143    0.27500000E-01
    968144    0.30000000E-01
    968145    0.29000000E-01
    968146    0.30000000E-01
    968147    0.29500000E-01
    968148    0.27500000E-01
    968149    0.26154000E-01
    968150    0.25000000E-01
    968151    0.25000000E-01
    968152    0.25000000E-01
    968153    0.25000000E-01
    968154    0.80000000E-01
    968155    0.74167000E-01
    968156    0.56429000E-01
    968157    0.29167000E-01
    968158    0.29167000E-01
    968159    0.29167000E-01
    968160    0.27500000E-01
    968161    0.70000000E-01
    968162    0.27727000E-01
    968163    0.25000000E-01
    968164    0.25000000E-01
    968165    0.26250000E-01
    968166    0.25000000E-01
    968167    0.25000000E-01
    968168    0.25000000E-01
    968169    0.25909000E-01
    968170    0.25000000E-01
    968171    0.25000000E-01
    968172    0.29444000E-01
    968173    0.33000000E-01
    968174    0.27500000E-01
    968175    0.25000000E-01
    968176    0.26500000E-01
    968177    0.27500000E-01
    968178    0.29091000E-01
    968179    0.29286000E-01
    968180    0.25000000E-01
    968181    0.25000000E-01
    968182    0.28571000E-01
    968183    0.29286000E-01
    968184    0.30000000E-01
    968185    0.98333000E-01
    968186    0.32857000E-01
    968187    0.25000000E-01
    968188    0.30000000E-01
    968189    0.25909000E-01
    968190    0.23846000E-01
    968194    0.24727000E-01
    968195    0.23636000E-01
    968196    0.31429000E-01
    968197    0.28636000E-01
    968198    0.30500000E-01
    968199    0.27083000E-01
    968200    0.32000000E-01
    968201    0.65000000E-01
    968202    0.85000000E-01
    968203    0.22333000E-01
    968204    0.22923000E-01
    968205    0.24615000E-01
    968206    0.26875000E-01
    968207    0.28000000E-01
    968208    0.32000000E-01
    968209    0.50000000E-01
    968210    0.32143000E-01
    968213    0.22750000E-01
    968214    0.35000000E-01
    968215    0.35000000E-01
    968216    0.35000000E-01
    968217    0.35000000E-01
    968218    0.80000000E-01
    968219    0.50000000E-01
    968220    0.50000000E-01
    968221    0.50000000E-01
    968222    0.35000000E-01
    968223    0.50000000E-01
    968224    0.50000000E-01
    968260    0.50000000E-01
    968263    0.50000000E-01
    968264    0.50000000E-01
    968265    0.50000000E-01
    977579    0.73846000E-01
    977580    0.66667000E-01
    977581    0.73571000E-01
    977582    0.92083000E-01
    977583    0.91818000E-01
    977584    0.77143000E-01
    977585    0.81875000E-01
    977586    0.81111000E-01
    977593    0.97500000E-01
    977594    0.10388900E+00
    977595    0.10384600E+00
    977596    0.99375000E-01
    977600    0.10000000E+00
    977601    0.75909000E-01
    977602    0.85000000E-01
    977603    0.10366700E+00
    977604    0.92273000E-01
    977605    0.11000000E+00
    977606    0.10700000E+00
    977642    0.64545000E-01
    977643    0.70714000E-01
    977745    0.25769000E-01
    977746    0.25000000E-01
    977747    0.25000000E-01
    977748    0.25769000E-01
    977749    0.26250000E-01
    977750    0.26667000E-01
    977763    0.28000000E-01
    977764    0.33000000E-01
    977765    0.29000000E-01
    977766    0.55417000E-01
    977767    0.59545000E-01
    977768    0.60625000E-01
    977769    0.50000000E-01
    977770    0.79375000E-01
    977771    0.80000000E-01
    977772    0.50000000E-01
    977773    0.69500000E-01
    977774    0.26364000E-01
    977775    0.26000000E-01
    977776    0.67500000E-01
    977777    0.27778000E-01
    977778    0.27143000E-01
    977779    0.27222000E-01
    977780    0.54286000E-01
    977781    0.25000000E-01
    977782    0.25000000E-01
    977783    0.25000000E-01
    977784    0.25000000E-01
    977785    0.25000000E-01
    977786    0.25000000E-01
    977787    0.25000000E-01
    977788    0.25000000E-01
    977789    0.25000000E-01
    977790    0.67143000E-01
    977791    0.52778000E-01
    977792    0.50000000E-01
    977793    0.30833000E-01
    977794    0.31667000E-01
    977795    0.58889000E-01
    977796    0.27857000E-01
    977797    0.25909000E-01
    977798    0.30000000E-01
    977799    0.28750000E-01
    977800    0.27778000E-01
    977801    0.25000000E-01
    977802    0.25000000E-01
    977803    0.25625000E-01
    977804    0.25625000E-01
    977805    0.30714000E-01
    977806    0.25000000E-01
    977807    0.25000000E-01
    977808    0.25000000E-01
    977809    0.25000000E-01
    977810    0.25000000E-01
    977811    0.25000000E-01
    977812    0.25000000E-01
    977813    0.29286000E-01
    977814    0.30625000E-01
    977815    0.27273000E-01
    977816    0.25833000E-01
    977817    0.27143000E-01
    977818    0.27500000E-01
    977819    0.31000000E-01
    977820    0.28333000E-01
    977821    0.26111000E-01
    977822    0.28571000E-01
    977823    0.28889000E-01
    977824    0.30000000E-01
    977825    0.35000000E-01
    977826    0.91667000E-01
    977827    0.32857000E-01
    977828    0.31875000E-01
    977829    0.35000000E-01
    977830    0.25000000E-01
    977831    0.25000000E-01
    977832    0.25000000E-01
    977833    0.25000000E-01
    977834    0.25000000E-01
    977835    0.30455000E-01
    977836    0.32857000E-01
    977837    0.33333000E-01
    977838    0.25455000E-01
    977839    0.22273000E-01
    977840    0.22429000E-01
    977841    0.23643000E-01
    977842    0.24909000E-01
    977843    0.31000000E-01
    977844    0.29000000E-01
    977845    0.30000000E-01
    977846    0.27500000E-01
    977847    0.90000000E-01
    977848    0.87143000E-01
    977849    0.24600000E-01
    977850    0.26000000E-01
    977851    0.28000000E-01
    977852    0.50000000E-01
    977853    0.33125000E-01
    977854    0.32500000E-01
    977855    0.50000000E-01
    977856    0.50000000E-01
    977857    0.23556000E-01
    977858    0.23308000E-01
    977859    0.25111000E-01
    977860    0.35000000E-01
    977861    0.35000000E-01
    977862    0.35000000E-01
    977863    0.50000000E-01
    977864    0.63333000E-01
    977865    0.35000000E-01
    977866    0.50000000E-01
    977867    0.56429000E-01
    977868    0.35000000E-01
    977869    0.53333000E-01
    977870    0.70000000E-01
    977871    0.50000000E-01
    977905    0.50000000E-01
    977906    0.52000000E-01
    977907    0.66667000E-01
    977984    0.24400000E-01
    977985    0.25000000E-01
    987372    0.75500000E-01
    987373    0.67000000E-01
    987374    0.87500000E-01
    987375    0.81250000E-01
    987376    0.84375000E-01
    987377    0.88571000E-01
    987378    0.87000000E-01
    987384    0.10300000E+00
    987385    0.10857100E+00
    987386    0.10000000E+00
    987389    0.11500000E+00
    987390    0.11142900E+00
    987391    0.91071000E-01
    987392    0.10208300E+00
    987393    0.10333300E+00
    987394    0.10333300E+00
    987529    0.26111000E-01
    987530    0.25625000E-01
    987531    0.25833000E-01
    987532    0.27500000E-01
    987533    0.29091000E-01
    987534    0.27857000E-01
    987535    0.30500000E-01
    987545    0.26250000E-01
    987547    0.50000000E-01
    987548    0.66500000E-01
    987549    0.55833000E-01
    987550    0.64167000E-01
    987551    0.62143000E-01
    987552    0.62143000E-01
    987553    0.51500000E-01
    987554    0.26000000E-01
    987555    0.64000000E-01
    987556    0.27500000E-01
    987557    0.26429000E-01
    987558    0.64286000E-01
    987559    0.55000000E-01
    987560    0.26250000E-01
    987561    0.25000000E-01
    987562    0.25000000E-01
    987563    0.25000000E-01
    987564    0.25000000E-01
    987565    0.25000000E-01
    987566    0.25000000E-01
    987567    0.25000000E-01
    987568    0.50000000E-01
    987569    0.50833000E-01
    987570    0.51667000E-01
    987571    0.50000000E-01
    987572    0.27000000E-01
    987573    0.25000000E-01
    987574    0.31875000E-01
    987575    0.31875000E-01
    987576    0.31111000E-01
    987577    0.27857000E-01
    987578    0.25000000E-01
    987579    0.25000000E-01
    987580    0.25500000E-01
    987581    0.25714000E-01
    987582    0.30000000E-01
    987583    0.32500000E-01
    987584    0.25000000E-01
    987585    0.25000000E-01
    987586    0.25000000E-01
    987587    0.25000000E-01
    987588    0.25833000E-01
    987589    0.25000000E-01
    987590    0.25000000E-01
    987591    0.30000000E-01
    987592    0.30625000E-01
    987593    0.27500000E-01
    987594    0.85000000E-01
    987595    0.28750000E-01
    987596    0.28000000E-01
    987597    0.29167000E-01
    987598    0.31667000E-01
    987599    0.75000000E-01
    987600    0.68333000E-01
    987601    0.35000000E-01
    987602    0.35000000E-01
    987603    0.34286000E-01
    987604    0.32500000E-01
    987605    0.35000000E-01
    987606    0.27000000E-01
    987607    0.26000000E-01
    987608    0.24700000E-01
    987609    0.27857000E-01
    987610    0.25000000E-01
    987611    0.27500000E-01
    987612    0.25909000E-01
    987613    0.33889000E-01
    987614    0.31875000E-01
    987615    0.33571000E-01
    987616    0.33889000E-01
    987617    0.26500000E-01
    987618    0.24500000E-01
    987619    0.25818000E-01
    987620    0.90000000E-01
    987621    0.28333000E-01
    987622    0.27143000E-01
    987623    0.90000000E-01
    987624    0.80000000E-01
    987625    0.27500000E-01
    987626    0.28000000E-01
    987627    0.50000000E-01
    987628    0.33571000E-01
    987629    0.50000000E-01
    987630    0.35000000E-01
    987631    0.50000000E-01
    987632    0.50000000E-01
    987633    0.25571000E-01
    987634    0.25667000E-01
    987635    0.26714000E-01
    987636    0.35000000E-01
    987637    0.35000000E-01
    987638    0.50000000E-01
    987639    0.59091000E-01
    987640    0.35000000E-01
    987641    0.35000000E-01
    987642    0.60000000E-01
    987643    0.61429000E-01
    987644    0.74444000E-01
    987645    0.57778000E-01
    987646    0.53333000E-01
    987673    0.55333000E-01
    987674    0.56111000E-01
    987735    0.26583000E-01
    987736    0.24889000E-01
    987737    0.24143000E-01
    987738    0.24571000E-01
    997316    0.77000000E-01
    997317    0.75714000E-01
    997318    0.89286000E-01
    997319    0.83182000E-01
    997320    0.88182000E-01
    997326    0.11166700E+00
    997328    0.94286000E-01
    997329    0.10142900E+00
    997330    0.88846000E-01
    997331    0.95833000E-01
    997478    0.25833000E-01
    997479    0.32143000E-01
    997480    0.27500000E-01
    997481    0.28333000E-01
    997482    0.28750000E-01
    997483    0.30000000E-01
    997484    0.29286000E-01
    997485    0.28000000E-01
    997486    0.30000000E-01
    997496    0.73333000E-01
    997504    0.56111000E-01
    997505    0.58125000E-01
    997506    0.50000000E-01
    997507    0.50000000E-01
    997508    0.50000000E-01
    997509    0.26250000E-01
    997510    0.70000000E-01
    997511    0.55000000E-01
    997512    0.50000000E-01
    997513    0.25556000E-01
    997514    0.25000000E-01
    997515    0.25000000E-01
    997516    0.25000000E-01
    997517    0.25000000E-01
    997518    0.25000000E-01
    997519    0.25000000E-01
    997520    0.25000000E-01
    997521    0.50000000E-01
    997522    0.50000000E-01
    997523    0.33000000E-01
    997524    0.50000000E-01
    997525    0.28636000E-01
    997526    0.25000000E-01
    997527    0.25000000E-01
    997528    0.34286000E-01
    997529    0.27857000E-01
    997530    0.33571000E-01
    997531    0.25000000E-01
    997532    0.25000000E-01
    997533    0.25500000E-01
    997534    0.25714000E-01
    997535    0.30000000E-01
    997536    0.25000000E-01
    997537    0.25000000E-01
    997538    0.28000000E-01
    997539    0.26818000E-01
    997540    0.27727000E-01
    997541    0.27500000E-01
    997542    0.30833000E-01
    997543    0.32000000E-01
    997544    0.85000000E-01
    997545    0.28750000E-01
    997546    0.68333000E-01
    997547    0.35000000E-01
    997548    0.35000000E-01
    997549    0.35000000E-01
    997550    0.35000000E-01
    997551    0.88750000E-01
    997552    0.99000000E-01
    997553    0.30000000E-01
    997554    0.30000000E-01
    997555    0.27500000E-01
    997556    0.28077000E-01
    997557    0.30000000E-01
    997558    0.27222000E-01
    997559    0.30000000E-01
    997560    0.27857000E-01
    997561    0.35000000E-01
    997562    0.35000000E-01
    997563    0.35000000E-01
    997564    0.80714000E-01
    997565    0.35000000E-01
    997566    0.85000000E-01
    997567    0.27500000E-01
    997568    0.27500000E-01
    997569    0.78571000E-01
    997570    0.98000000E-01
    997571    0.73333000E-01
    997572    0.78889000E-01
    997573    0.54000000E-01
    997574    0.50000000E-01
    997575    0.28750000E-01
    997576    0.50000000E-01
    997577    0.50000000E-01
    997578    0.50000000E-01
    997579    0.50000000E-01
    997580    0.50000000E-01
    997581    0.62000000E-01
    997582    0.55714000E-01
    997583    0.65000000E-01
    997584    0.72500000E-01
    997585    0.35000000E-01
    997586    0.78333000E-01
    997587    0.62500000E-01
    997588    0.58889000E-01
    997589    0.50000000E-01
    997590    0.68000000E-01
    997591    0.66818000E-01
    997592    0.68750000E-01
    997593    0.63125000E-01
    997594    0.57000000E-01
    997618    0.79444000E-01
    997619    0.76818000E-01
    997672    0.29286000E-01
    997673    0.28900000E-01
    997674    0.26000000E-01
    997675    0.29333000E-01
    997676    0.24700000E-01
    997677    0.24250000E-01
    997678    0.25000000E-01
    997679    0.25000000E-01
   1007337    0.87500000E-01
   1007349    0.81111000E-01
   1007350    0.77308000E-01
   1007356    0.95000000E-01
   1007357    0.94444000E-01
   1007358    0.77308000E-01
   1007359    0.81667000E-01
   1007514    0.83125000E-01
   1007515    0.31667000E-01
   1007516    0.28333000E-01
   1007517    0.99167000E-01
   1007518    0.13000000E+00
   1007519    0.10125000E+00
   1007520    0.29375000E-01
   1007541    0.50000000E-01
   1007542    0.50000000E-01
   1007543    0.50000000E-01
   1007544    0.26875000E-01
   1007545    0.50000000E-01
   1007546    0.50000000E-01
   1007547    0.25500000E-01
   1007548    0.27500000E-01
   1007549    0.25000000E-01
   1007550    0.25000000E-01
   1007551    0.25000000E-01
   1007552    0.25455000E-01
   1007553    0.25000000E-01
   1007554    0.50000000E-01
   1007555    0.50000000E-01
   1007556    0.30000000E-01
   1007557    0.50000000E-01
   1007558    0.25000000E-01
   1007559    0.25000000E-01
   1007560    0.25000000E-01
   1007561    0.30000000E-01
   1007562    0.50000000E-01
   1007563    0.33750000E-01
   1007564    0.32500000E-01
   1007565    0.26000000E-01
   1007566    0.27000000E-01
   1007567    0.29000000E-01
   1007568    0.29286000E-01
   1007569    0.27727000E-01
   1007570    0.25000000E-01
   1007571    0.30000000E-01
   1007572    0.30714000E-01
   1007573    0.30000000E-01
   1007574    0.83889000E-01
   1007575    0.74167000E-01
   1007576    0.35000000E-01
   1007577    0.35000000E-01
   1007578    0.10000000E+00
   1007579    0.85625000E-01
   1007580    0.88125000E-01
   1007581    0.87500000E-01
   1007582    0.70000000E-01
   1007583    0.13100000E+00
   1007584    0.29000000E-01
   1007585    0.31000000E-01
   1007586    0.32500000E-01
   1007587    0.29000000E-01
   1007588    0.10833300E+00
   1007589    0.80714000E-01
   1007590    0.35000000E-01
   1007591    0.35000000E-01
   1007592    0.52500000E-01
   1007593    0.68750000E-01
   1007594    0.90000000E-01
   1007595    0.86000000E-01
   1007596    0.60000000E-01
   1007597    0.67778000E-01
   1007598    0.60000000E-01
   1007599    0.50000000E-01
   1007600    0.60000000E-01
   1007601    0.55000000E-01
   1007602    0.50000000E-01
   1007603    0.50000000E-01
   1007604    0.50000000E-01
   1007605    0.50000000E-01
   1007606    0.50000000E-01
   1007607    0.71111000E-01
   1007608    0.53125000E-01
   1007609    0.73571000E-01
   1007610    0.85000000E-01
   1007611    0.77778000E-01
   1007612    0.57000000E-01
   1007613    0.58571000E-01
   1007614    0.71000000E-01
   1007615    0.90000000E-01
   1007616    0.67500000E-01
   1007617    0.87500000E-01
   1007636    0.51818000E-01
   1007637    0.50000000E-01
   1007681    0.32500000E-01
   1007682    0.31667000E-01
   1007683    0.32857000E-01
   1007684    0.32500000E-01
   1007685    0.26900000E-01
   1007686    0.30625000E-01
   1007687    0.25583000E-01
   1007688    0.27200000E-01
   1007689    0.25000000E-01
   1007690    0.25000000E-01
   1017444    0.70625000E-01
   1017461    0.71071000E-01
   1017466    0.94444000E-01
   1017467    0.73333000E-01
   1017468    0.81875000E-01
   1017631    0.30833000E-01
   1017632    0.27500000E-01
   1017633    0.87500000E-01
   1017634    0.95000000E-01
   1017666    0.25000000E-01
   1017667    0.50000000E-01
   1017668    0.50000000E-01
   1017669    0.50000000E-01
   1017670    0.50000000E-01
   1017671    0.26875000E-01
   1017672    0.28571000E-01
   1017673    0.25000000E-01
   1017674    0.25000000E-01
   1017675    0.25000000E-01
   1017676    0.25000000E-01
   1017677    0.50000000E-01
   1017678    0.28750000E-01
   1017679    0.50000000E-01
   1017680    0.25000000E-01
   1017681    0.26111000E-01
   1017682    0.26429000E-01
   1017683    0.31000000E-01
   1017684    0.60000000E-01
   1017685    0.68333000E-01
   1017686    0.28750000E-01
   1017687    0.28571000E-01
   1017688    0.30833000E-01
   1017689    0.30000000E-01
   1017690    0.28000000E-01
   1017691    0.25000000E-01
   1017692    0.25000000E-01
   1017693    0.25000000E-01
   1017694    0.65000000E-01
   1017695    0.62500000E-01
   1017696    0.76364000E-01
   1017697    0.91667000E-01
   1017698    0.91667000E-01
   1017699    0.74444000E-01
   1017700    0.91111000E-01
   1017701    0.82857000E-01
   1017702    0.56429000E-01
   1017703    0.14666700E+00
   1017704    0.11166700E+00
   1017705    0.85000000E-01
   1017706    0.10666700E+00
   1017707    0.14416700E+00
   1017708    0.93750000E-01
   1017709    0.87500000E-01
   1017710    0.65625000E-01
   1017711    0.66000000E-01
   1017712    0.74286000E-01
   1017713    0.74444000E-01
   1017714    0.50000000E-01
   1017715    0.53333000E-01
   1017716    0.60000000E-01
   1017717    0.50000000E-01
   1017718    0.50000000E-01
   1017719    0.55000000E-01
   1017720    0.52500000E-01
   1017721    0.74500000E-01
   1017722    0.88333000E-01
   1017723    0.79000000E-01
   1017724    0.74545000E-01
   1017725    0.86818000E-01
   1017726    0.52727000E-01
   1017727    0.67222000E-01
   1017728    0.80000000E-01
   1017729    0.99444000E-01
   1017730    0.78125000E-01
   1017731    0.10500000E+00
   1017745    0.72727000E-01
   1017746    0.77778000E-01
   1017783    0.59000000E-01
   1017784    0.65000000E-01
   1017785    0.32857000E-01
   1017786    0.29375000E-01
   1017787    0.31429000E-01
   1017788    0.26250000E-01
   1017789    0.27143000E-01
   1017790    0.29167000E-01
   1017791    0.25000000E-01
   1017792    0.25000000E-01
   1017793    0.27143000E-01
   1027700    0.68125000E-01
   1027715    0.70455000E-01
   1027719    0.77500000E-01
   1027892    0.97857000E-01
   1027928    0.25000000E-01
   1027929    0.50000000E-01
   1027930    0.50000000E-01
   1027931    0.50000000E-01
   1027932    0.28125000E-01
   1027933    0.31000000E-01
   1027934    0.25000000E-01
   1027935    0.25000000E-01
   1027936    0.25000000E-01
   1027937    0.50000000E-01
   1027938    0.28750000E-01
   1027939    0.26250000E-01
   1027940    0.27500000E-01
   1027942    0.82857000E-01
   1027943    0.95000000E-01
   1027944    0.12000000E+00
   1027945    0.11600000E+00
   1027946    0.26250000E-01
   1027947    0.25000000E-01
   1027948    0.25000000E-01
   1027949    0.25000000E-01
   1027950    0.62778000E-01
   1027951    0.73333000E-01
   1027952    0.10363600E+00
   1027953    0.90556000E-01
   1027954    0.14666700E+00
   1027955    0.88846000E-01
   1027956    0.11875000E+00
   1027957    0.91875000E-01
   1027958    0.87143000E-01
   1027959    0.11250000E+00
   1027960    0.95000000E-01
   1027961    0.75000000E-01
   1027962    0.70625000E-01
   1027963    0.73000000E-01
   1027964    0.83125000E-01
   1027965    0.66875000E-01
   1027966    0.50000000E-01
   1027967    0.57778000E-01
   1027968    0.50000000E-01
   1027969    0.57500000E-01
   1027970    0.72222000E-01
   1027971    0.50000000E-01
   1027972    0.73333000E-01
   1027973    0.71250000E-01
   1027974    0.76000000E-01
   1027975    0.10250000E+00
   1027976    0.68889000E-01
   1027977    0.73846000E-01
   1027978    0.61364000E-01
   1027979    0.64444000E-01
   1027980    0.99545000E-01
   1027981    0.12125000E+00
   1027982    0.11571400E+00
   1027994    0.78889000E-01
   1027995    0.94286000E-01
   1027996    0.10000000E+00
   1028023    0.57778000E-01
   1028024    0.32000000E-01
   1028025    0.10333300E+00
   1028026    0.92143000E-01
   1028027    0.30000000E-01
   1028028    0.31250000E-01
   1028029    0.28750000E-01
   1028030    0.12833300E+00
   1028031    0.29167000E-01
   1028032    0.25000000E-01
   1028033    0.27500000E-01
   1028034    0.25000000E-01
   1038016    0.75909000E-01
   1038239    0.25000000E-01
   1038240    0.30000000E-01
   1038241    0.30000000E-01
   1038242    0.28333000E-01
   1038243    0.25000000E-01
   1038244    0.25000000E-01
   1038245    0.28750000E-01
   1038246    0.27222000E-01
   1038247    0.27000000E-01
   1038248    0.12000000E+00
   1038251    0.10541700E+00
   1038252    0.12000000E+00
   1038253    0.25000000E-01
   1038254    0.25000000E-01
   1038255    0.25000000E-01
   1038256    0.25000000E-01
   1038257    0.68333000E-01
   1038258    0.83636000E-01
   1038259    0.88333000E-01
   1038260    0.12062500E+00
   1038261    0.72222000E-01
   1038262    0.92500000E-01
   1038263    0.55714000E-01
   1038264    0.57778000E-01
   1038265    0.81667000E-01
   1038266    0.89444000E-01
   1038267    0.63636000E-01
   1038268    0.83000000E-01
   1038269    0.57917000E-01
   1038270    0.70455000E-01
   1038271    0.98889000E-01
   1038272    0.81500000E-01
   1038273    0.68846000E-01
   1038274    0.12055600E+00
   1038275    0.77500000E-01
   1038276    0.71667000E-01
   1038277    0.71667000E-01
   1038278    0.10111100E+00
   1038279    0.90000000E-01
   1038289    0.79444000E-01
   1038290    0.74500000E-01
   1038291    0.10937500E+00
   1038313    0.74091000E-01
   1038314    0.92500000E-01
   1038315    0.11300000E+00
   1038316    0.10625000E+00
   1038317    0.12250000E+00
   1038318    0.10800000E+00
   1038319    0.29167000E-01
   1038320    0.25000000E-01
   1038321    0.27778000E-01
   1038322    0.25000000E-01
   1048635    0.25000000E-01
   1048636    0.28333000E-01
   1048637    0.28333000E-01
   1048638    0.25000000E-01
   1048639    0.25000000E-01
   1048640    0.26429000E-01
   1048641    0.27000000E-01
   1048642    0.11714300E+00
   1048646    0.11800000E+00
   1048647    0.26667000E-01
   1048648    0.11500000E+00
   1048649    0.25000000E-01
   1048650    0.25000000E-01
   1048651    0.71667000E-01
   1048652    0.79375000E-01
   1048653    0.87727000E-01
   1048654    0.65000000E-01
   1048655    0.62857000E-01
   1048656    0.65500000E-01
   1048657    0.68636000E-01
   1048658    0.64444000E-01
   1048659    0.74583000E-01
   1048660    0.98846000E-01
   1048661    0.10937500E+00
   1048662    0.11944400E+00
   1048663    0.76923000E-01
   1048664    0.53889000E-01
   1048665    0.10700000E+00
   1048666    0.63077000E-01
   1048667    0.80000000E-01
   1048674    0.90000000E-01
   1048675    0.79286000E-01
   1048676    0.81818000E-01
   1048694    0.72500000E-01
   1048695    0.92500000E-01
   1048696    0.11812500E+00
   1048697    0.10611100E+00
   1048698    0.11100000E+00
   1048699    0.11300000E+00
   1048700    0.30000000E-01
   1048701    0.27500000E-01
   1048702    0.26000000E-01
   1059374    0.25000000E-01
   1059375    0.26000000E-01
   1059376    0.25000000E-01
   1059377    0.25000000E-01
   1059378    0.25909000E-01
   1059379    0.26429000E-01
   1059381    0.11777800E+00
   1059384    0.11000000E+00
   1059385    0.25000000E-01
   1059386    0.25909000E-01
   1059387    0.69444000E-01
   1059388    0.69545000E-01
   1059389    0.69500000E-01
   1059390    0.76000000E-01
   1059391    0.68500000E-01
   1059392    0.75909000E-01
   1059393    0.74615000E-01
   1059394    0.11785700E+00
   1059395    0.95000000E-01
   1059396    0.10333300E+00
   1059397    0.77500000E-01
   1059398    0.75556000E-01
   1059399    0.62857000E-01
   1059400    0.95000000E-01
   1059401    0.76250000E-01
   1059402    0.81500000E-01
   1059405    0.10291700E+00
   1059407    0.95000000E-01
   1059408    0.95714000E-01
   1059421    0.85000000E-01
   1059422    0.89375000E-01
   1059423    0.77778000E-01
   1059424    0.75000000E-01
   1059425    0.94000000E-01
   1059426    0.10300000E+00
   1059427    0.28333000E-01
   1059428    0.26250000E-01
   1059429    0.10062500E+00
   1070410    0.26429000E-01
   1070411    0.25000000E-01
   1070412    0.25000000E-01
   1070413    0.26667000E-01
   1070414    0.11166700E+00
   1070415    0.25000000E-01
   1070417    0.11600000E+00
   1070419    0.10875000E+00
   1070420    0.26250000E-01
   1070421    0.26250000E-01
   1070422    0.78125000E-01
   1070423    0.72778000E-01
   1070424    0.81250000E-01
   1070425    0.89444000E-01
   1070426    0.86818000E-01
   1070427    0.89231000E-01
   1070428    0.67143000E-01
   1070429    0.82857000E-01
   1070430    0.91111000E-01
   1070431    0.73077000E-01
   1070432    0.81154000E-01
   1070433    0.76429000E-01
   1070434    0.76875000E-01
   1070437    0.10730800E+00
   1070438    0.10388900E+00
   1070448    0.77500000E-01
   1070449    0.95909000E-01
   1070450    0.94000000E-01
   1070451    0.10250000E+00
   1070452    0.89000000E-01
   1070453    0.98333000E-01
   1070454    0.10227300E+00
   1081687    0.26250000E-01
   1081688    0.25000000E-01
   1081689    0.10000000E+00
   1081690    0.89000000E-01
   1081692    0.11000000E+00
   1081693    0.10444400E+00
   1081694    0.87500000E-01
   1081695    0.10125000E+00
   1081696    0.97500000E-01
   1081697    0.93750000E-01
   1081698    0.90417000E-01
   1081699    0.94375000E-01
   1081700    0.69167000E-01
   1081701    0.68750000E-01
   1081702    0.85556000E-01
   1081703    0.78125000E-01
   1081704    0.96429000E-01
   1081705    0.64000000E-01
   1081706    0.84000000E-01
   1081708    0.10187500E+00
   1081713    0.89286000E-01
   1081714    0.10115400E+00
   1081715    0.90500000E-01
   1081716    0.89375000E-01
   1081717    0.97500000E-01
   1093064    0.80833000E-01
   1093065    0.90000000E-01
   1093067    0.94545000E-01
   1093068    0.90625000E-01
   1093069    0.10111100E+00
   1093070    0.96500000E-01
   1093071    0.95625000E-01
   1093072    0.10714300E+00
   1093073    0.11000000E+00
   1093074    0.10428600E+00
   1093075    0.56667000E-01
   1093076    0.83750000E-01
   1093077    0.84231000E-01
   1093078    0.78846000E-01
   1093079    0.60000000E-01
   1093080    0.79000000E-01
   1093081    0.80500000E-01
   1093082    0.75000000E-01
   1093084    0.97083000E-01
   1093085    0.88500000E-01
   1093086    0.10222200E+00
   1104706    0.97857000E-01
   1104708    0.95000000E-01
   1104709    0.97500000E-01
   1104710    0.93500000E-01
   1104711    0.10000000E+00
   1104712    0.10200000E+00
   1104713    0.87857000E-01
   1104714    0.74583000E-01
   1104715    0.75000000E-01
   1104716    0.70909000E-01
   1104717    0.66000000E-01
   1104718    0.59000000E-01
   1104719    0.97500000E-01
   1104720    0.91364000E-01
   1116597    0.10214300E+00
   1116598    0.80714000E-01
   1116599    0.90385000E-01
   1116600    0.97222000E-01
   1116601    0.87857000E-01
   1116602    0.95556000E-01
   1116603    0.90714000E-01
   1116604    0.83889000E-01
   1116605    0.83571000E-01
   1116606    0.85833000E-01
   1116607    0.89091000E-01
   1128624    0.84167000E-01
   1128625    0.74444000E-01
   1128626    0.82222000E-01
   1128627    0.94500000E-01
   1128628    0.80000000E-01
   1128629    0.95000000E-01
   1128630    0.98889000E-01
   1128631    0.79375000E-01
   1140888    0.68846000E-01
   1140889    0.89167000E-01
   1140890    0.84375000E-01
   1140891    0.88571000E-01
   1140892    0.71000000E-01
   1153475    0.85833000E-01
   1153476    0.10500000E+00
   1153477    0.58125000E-01
   1166184    0.75000000E-01
internal_tide_friction                                                          
           0
subgrid_barrier                                                                 
           0
