Lynch and Gray Cartesian test case, n = 0
144            91
       1 6.00000000000000e+004 0.00000000000000e+000 3.00000000000000e+000
       2 6.00000000000000e+004 7.50000000000000e+003 3.00000000000000e+000
       3 6.00000000000000e+004 1.50000000000000e+004 3.00000000000000e+000
       4 6.00000000000000e+004 2.25000000000000e+004 3.00000000000000e+000
       5 6.00000000000000e+004 3.00000000000000e+004 3.00000000000000e+000
       6 6.00000000000000e+004 3.75000000000000e+004 3.00000000000000e+000
       7 6.00000000000000e+004 4.50000000000000e+004 3.00000000000000e+000
       8 6.75000000000000e+004 0.00000000000000e+000 3.00000000000000e+000
       9 6.75000000000000e+004 7.50000000000000e+003 3.00000000000000e+000
      10 6.75000000000000e+004 1.50000000000000e+004 3.00000000000000e+000
      11 6.75000000000000e+004 2.25000000000000e+004 3.00000000000000e+000
      12 6.75000000000000e+004 3.00000000000000e+004 3.00000000000000e+000
      13 6.75000000000000e+004 3.75000000000000e+004 3.00000000000000e+000
      14 6.75000000000000e+004 4.50000000000000e+004 3.00000000000000e+000
      15 7.50000000000000e+004 0.00000000000000e+000 3.00000000000000e+000
      16 7.50000000000000e+004 7.50000000000000e+003 3.00000000000000e+000
      17 7.50000000000000e+004 1.50000000000000e+004 3.00000000000000e+000
      18 7.50000000000000e+004 2.25000000000000e+004 3.00000000000000e+000
      19 7.50000000000000e+004 3.00000000000000e+004 3.00000000000000e+000
      20 7.50000000000000e+004 3.75000000000000e+004 3.00000000000000e+000
      21 7.50000000000000e+004 4.50000000000000e+004 3.00000000000000e+000
      22 8.25000000000000e+004 0.00000000000000e+000 3.00000000000000e+000
      23 8.25000000000000e+004 7.50000000000000e+003 3.00000000000000e+000
      24 8.25000000000000e+004 1.50000000000000e+004 3.00000000000000e+000
      25 8.25000000000000e+004 2.25000000000000e+004 3.00000000000000e+000
      26 8.25000000000000e+004 3.00000000000000e+004 3.00000000000000e+000
      27 8.25000000000000e+004 3.75000000000000e+004 3.00000000000000e+000
      28 8.25000000000000e+004 4.50000000000000e+004 3.00000000000000e+000
      29 9.00000000000000e+004 0.00000000000000e+000 3.00000000000000e+000
      30 9.00000000000000e+004 7.50000000000000e+003 3.00000000000000e+000
      31 9.00000000000000e+004 1.50000000000000e+004 3.00000000000000e+000
      32 9.00000000000000e+004 2.25000000000000e+004 3.00000000000000e+000
      33 9.00000000000000e+004 3.00000000000000e+004 3.00000000000000e+000
      34 9.00000000000000e+004 3.75000000000000e+004 3.00000000000000e+000
      35 9.00000000000000e+004 4.50000000000000e+004 3.00000000000000e+000
      36 9.75000000000000e+004 0.00000000000000e+000 3.00000000000000e+000
      37 9.75000000000000e+004 7.50000000000000e+003 3.00000000000000e+000
      38 9.75000000000000e+004 1.50000000000000e+004 3.00000000000000e+000
      39 9.75000000000000e+004 2.25000000000000e+004 3.00000000000000e+000
      40 9.75000000000000e+004 3.00000000000000e+004 3.00000000000000e+000
      41 9.75000000000000e+004 3.75000000000000e+004 3.00000000000000e+000
      42 9.75000000000000e+004 4.50000000000000e+004 3.00000000000000e+000
      43 1.05000000000000e+005 0.00000000000000e+000 3.00000000000000e+000
      44 1.05000000000000e+005 7.50000000000000e+003 3.00000000000000e+000
      45 1.05000000000000e+005 1.50000000000000e+004 3.00000000000000e+000
      46 1.05000000000000e+005 2.25000000000000e+004 3.00000000000000e+000
      47 1.05000000000000e+005 3.00000000000000e+004 3.00000000000000e+000
      48 1.05000000000000e+005 3.75000000000000e+004 3.00000000000000e+000
      49 1.05000000000000e+005 4.50000000000000e+004 3.00000000000000e+000
      50 1.12500000000000e+005 0.00000000000000e+000 3.00000000000000e+000
      51 1.12500000000000e+005 7.50000000000000e+003 3.00000000000000e+000
      52 1.12500000000000e+005 1.50000000000000e+004 3.00000000000000e+000
      53 1.12500000000000e+005 2.25000000000000e+004 3.00000000000000e+000
      54 1.12500000000000e+005 3.00000000000000e+004 3.00000000000000e+000
      55 1.12500000000000e+005 3.75000000000000e+004 3.00000000000000e+000
      56 1.12500000000000e+005 4.50000000000000e+004 3.00000000000000e+000
      57 1.20000000000000e+005 0.00000000000000e+000 3.00000000000000e+000
      58 1.20000000000000e+005 7.50000000000000e+003 3.00000000000000e+000
      59 1.20000000000000e+005 1.50000000000000e+004 3.00000000000000e+000
      60 1.20000000000000e+005 2.25000000000000e+004 3.00000000000000e+000
      61 1.20000000000000e+005 3.00000000000000e+004 3.00000000000000e+000
      62 1.20000000000000e+005 3.75000000000000e+004 3.00000000000000e+000
      63 1.20000000000000e+005 4.50000000000000e+004 3.00000000000000e+000
      64 1.27500000000000e+005 0.00000000000000e+000 3.00000000000000e+000
      65 1.27500000000000e+005 7.50000000000000e+003 3.00000000000000e+000
      66 1.27500000000000e+005 1.50000000000000e+004 3.00000000000000e+000
      67 1.27500000000000e+005 2.25000000000000e+004 3.00000000000000e+000
      68 1.27500000000000e+005 3.00000000000000e+004 3.00000000000000e+000
      69 1.27500000000000e+005 3.75000000000000e+004 3.00000000000000e+000
      70 1.27500000000000e+005 4.50000000000000e+004 3.00000000000000e+000
      71 1.35000000000000e+005 0.00000000000000e+000 3.00000000000000e+000
      72 1.35000000000000e+005 7.50000000000000e+003 3.00000000000000e+000
      73 1.35000000000000e+005 1.50000000000000e+004 3.00000000000000e+000
      74 1.35000000000000e+005 2.25000000000000e+004 3.00000000000000e+000
      75 1.35000000000000e+005 3.00000000000000e+004 3.00000000000000e+000
      76 1.35000000000000e+005 3.75000000000000e+004 3.00000000000000e+000
      77 1.35000000000000e+005 4.50000000000000e+004 3.00000000000000e+000
      78 1.42500000000000e+005 0.00000000000000e+000 3.00000000000000e+000
      79 1.42500000000000e+005 7.50000000000000e+003 3.00000000000000e+000
      80 1.42500000000000e+005 1.50000000000000e+004 3.00000000000000e+000
      81 1.42500000000000e+005 2.25000000000000e+004 3.00000000000000e+000
      82 1.42500000000000e+005 3.00000000000000e+004 3.00000000000000e+000
      83 1.42500000000000e+005 3.75000000000000e+004 3.00000000000000e+000
      84 1.42500000000000e+005 4.50000000000000e+004 3.00000000000000e+000
      85 1.50000000000000e+005 0.00000000000000e+000 3.00000000000000e+000
      86 1.50000000000000e+005 7.50000000000000e+003 3.00000000000000e+000
      87 1.50000000000000e+005 1.50000000000000e+004 3.00000000000000e+000
      88 1.50000000000000e+005 2.25000000000000e+004 3.00000000000000e+000
      89 1.50000000000000e+005 3.00000000000000e+004 3.00000000000000e+000
      90 1.50000000000000e+005 3.75000000000000e+004 3.00000000000000e+000
      91 1.50000000000000e+005 4.50000000000000e+004 3.00000000000000e+000
1               3        1        8        2
2               3        2        8        9
3               3        2        9        3
4               3        3        9       10
5               3        3       10        4
6               3        4       10       11
7               3        4       11        5
8               3        5       11       12
9               3        5       12        6
10              3        6       12       13
11              3        6       13        7
12              3        7       13       14
13              3        8       15        9
14              3        9       15       16
15              3        9       16       10
16              3       10       16       17
17              3       10       17       11
18              3       11       17       18
19              3       11       18       12
20              3       12       18       19
21              3       12       19       13
22              3       13       19       20
23              3       13       20       14
24              3       14       20       21
25              3       15       22       16
26              3       16       22       23
27              3       16       23       17
28              3       17       23       24
29              3       17       24       18
30              3       18       24       25
31              3       18       25       19
32              3       19       25       26
33              3       19       26       20
34              3       20       26       27
35              3       20       27       21
36              3       21       27       28
37              3       22       29       23
38              3       23       29       30
39              3       23       30       24
40              3       24       30       31
41              3       24       31       25
42              3       25       31       32
43              3       25       32       26
44              3       26       32       33
45              3       26       33       27
46              3       27       33       34
47              3       27       34       28
48              3       28       34       35
49              3       29       36       30
50              3       30       36       37
51              3       30       37       31
52              3       31       37       38
53              3       31       38       32
54              3       32       38       39
55              3       32       39       33
56              3       33       39       40
57              3       33       40       34
58              3       34       40       41
59              3       34       41       35
60              3       35       41       42
61              3       36       43       37
62              3       37       43       44
63              3       37       44       38
64              3       38       44       45
65              3       38       45       39
66              3       39       45       46
67              3       39       46       40
68              3       40       46       47
69              3       40       47       41
70              3       41       47       48
71              3       41       48       42
72              3       42       48       49
73              3       43       50       44
74              3       44       50       51
75              3       44       51       45
76              3       45       51       52
77              3       45       52       46
78              3       46       52       53
79              3       46       53       47
80              3       47       53       54
81              3       47       54       48
82              3       48       54       55
83              3       48       55       49
84              3       49       55       56
85              3       50       57       51
86              3       51       57       58
87              3       51       58       52
88              3       52       58       59
89              3       52       59       53
90              3       53       59       60
91              3       53       60       54
92              3       54       60       61
93              3       54       61       55
94              3       55       61       62
95              3       55       62       56
96              3       56       62       63
97              3       57       64       58
98              3       58       64       65
99              3       58       65       59
100             3       59       65       66
101             3       59       66       60
102             3       60       66       67
103             3       60       67       61
104             3       61       67       68
105             3       61       68       62
106             3       62       68       69
107             3       62       69       63
108             3       63       69       70
109             3       64       71       65
110             3       65       71       72
111             3       65       72       66
112             3       66       72       73
113             3       66       73       67
114             3       67       73       74
115             3       67       74       68
116             3       68       74       75
117             3       68       75       69
118             3       69       75       76
119             3       69       76       70
120             3       70       76       77
121             3       71       78       72
122             3       72       78       79
123             3       72       79       73
124             3       73       79       80
125             3       73       80       74
126             3       74       80       81
127             3       74       81       75
128             3       75       81       82
129             3       75       82       76
130             3       76       82       83
131             3       76       83       77
132             3       77       83       84
133             3       78       85       79
134             3       79       85       86
135             3       79       86       80
136             3       80       86       87
137             3       80       87       81
138             3       81       87       88
139             3       81       88       82
140             3       82       88       89
141             3       82       89       83
142             3       83       89       90
143             3       83       90       84
144             3       84       90       91
1        ! Number of open boundary segments
7        ! Total number of open boundary nodes
7        0 ! Number of nodes for open boundary 1
85      
86      
87      
88      
89      
90      
91      
3        ! Number of land boundary segments
33       ! Total number of open boundary nodes
7        0 ! Number of nodes for land boundary 1
1       
2       
3       
4       
5       
6       
7       
13       0 ! Number of nodes for land boundary 2
1       
8       
15      
22      
29      
36      
43      
50      
57      
64      
71      
78      
85      
13       0 ! Number of nodes for land boundary 3
7       
14      
21      
28      
35      
42      
49      
56      
63      
70      
77      
84      
91      
