OceanMesh2D                                                                     
        3540
           5
sea_surface_height_above_geoid                                                  
m                                                                               
           1
  0.276300000E+00
primitive_weighting_in_continuity_equation                                      
unitless                                                                        
           1
  0.300000000E-01
mannings_n_at_sea_floor                                                         
unitless                                                                        
           1
  0.220000000E-01
internal_tide_friction                                                          
local_dir, C_it =0.21884,Nb, D250                                               
           3
  0.000000000E+00  0.000000000E+00  0.000000000E+00
subgrid_barrier                                                                 
unitless                                                                        
           1
  0.999990000E+05
sea_surface_height_above_geoid                                                  
           0
primitive_weighting_in_continuity_equation                                      
           0
mannings_n_at_sea_floor                                                         
        2813
   7079937    0.13333300E+00
   7079938    0.12500000E+00
   7079939    0.12000000E+00
   7081491    0.13750000E+00
   7081493    0.13750000E+00
   7081497    0.15000000E+00
   7081498    0.12500000E+00
   7081499    0.13125000E+00
   7081500    0.12857100E+00
   7081501    0.12500000E+00
   7083043    0.14166700E+00
   7083044    0.15000000E+00
   7083045    0.15000000E+00
   7083047    0.14318200E+00
   7083048    0.12857100E+00
   7083049    0.13125000E+00
   7083050    0.13125000E+00
   7084587    0.15000000E+00
   7084588    0.15000000E+00
   7084589    0.13500000E+00
   7084590    0.15000000E+00
   7084591    0.15000000E+00
   7084592    0.14062500E+00
   7084593    0.13636400E+00
   7084594    0.14166700E+00
   7086122    0.13125000E+00
   7086123    0.14062500E+00
   7086124    0.15000000E+00
   7086125    0.14250000E+00
   7086126    0.15000000E+00
   7086127    0.15000000E+00
   7086128    0.14250000E+00
   7086129    0.13125000E+00
   7086153    0.12000000E+00
   7086178    0.12000000E+00
   7087637    0.13125000E+00
   7087638    0.13500000E+00
   7087639    0.15000000E+00
   7087640    0.15000000E+00
   7087641    0.15000000E+00
   7087642    0.13125000E+00
   7087643    0.13500000E+00
   7087667    0.77143000E-01
   7087668    0.12000000E+00
   7087669    0.12000000E+00
   7087670    0.12000000E+00
   7087671    0.10888900E+00
   7087673    0.50000000E-01
   7087674    0.67500000E-01
   7087675    0.92500000E-01
   7087695    0.12111100E+00
   7087696    0.12000000E+00
   7087704    0.12000000E+00
   7087705    0.12000000E+00
   7089179    0.12500000E+00
   7089180    0.14166700E+00
   7089181    0.14250000E+00
   7089182    0.13928600E+00
   7089183    0.13125000E+00
   7089184    0.11590900E+00
   7089207    0.77778000E-01
   7089208    0.65000000E-01
   7089209    0.12000000E+00
   7089210    0.12000000E+00
   7089211    0.12000000E+00
   7089212    0.12000000E+00
   7089213    0.12000000E+00
   7089214    0.14416700E+00
   7089215    0.12000000E+00
   7089216    0.11875000E+00
   7089217    0.12222200E+00
   7089218    0.14428600E+00
   7089219    0.14500000E+00
   7089220    0.25625000E-01
   7089221    0.26667000E-01
   7089222    0.27857000E-01
   7089223    0.28333000E-01
   7089225    0.30000000E-01
   7089226    0.30000000E-01
   7089240    0.79545000E-01
   7089241    0.14100000E+00
   7089242    0.11750000E+00
   7089256    0.11500000E+00
   7089257    0.95625000E-01
   7089258    0.12000000E+00
   7090749    0.14400000E+00
   7090750    0.15000000E+00
   7090751    0.15000000E+00
   7090752    0.11250000E+00
   7090753    0.12500000E+00
   7090754    0.14318200E+00
   7090755    0.11666700E+00
   7090756    0.11250000E+00
   7090757    0.10000000E+00
   7090758    0.85714000E-01
   7090759    0.87500000E-01
   7090760    0.90000000E-01
   7090772    0.25000000E-01
   7090779    0.13950000E+00
   7090780    0.13909100E+00
   7090781    0.83636000E-01
   7090782    0.70714000E-01
   7090783    0.65625000E-01
   7090784    0.12000000E+00
   7090785    0.12000000E+00
   7090786    0.12000000E+00
   7090787    0.12000000E+00
   7090788    0.70000000E-01
   7090789    0.14500000E+00
   7090790    0.95714000E-01
   7090791    0.12500000E+00
   7090792    0.66875000E-01
   7090793    0.12500000E+00
   7090794    0.11125000E+00
   7090795    0.13875000E+00
   7090796    0.13250000E+00
   7090797    0.26667000E-01
   7090798    0.25000000E-01
   7090799    0.28125000E-01
   7090800    0.27778000E-01
   7090802    0.27000000E-01
   7090803    0.28571000E-01
   7090805    0.29286000E-01
   7090806    0.30000000E-01
   7090809    0.15600000E+00
   7090816    0.62143000E-01
   7090817    0.69444000E-01
   7090818    0.11812500E+00
   7090819    0.10714300E+00
   7090820    0.89167000E-01
   7090821    0.10222200E+00
   7090842    0.10750000E+00
   7090843    0.96875000E-01
   7092357    0.11000000E+00
   7092358    0.10500000E+00
   7092359    0.14250000E+00
   7092360    0.14062500E+00
   7092361    0.13750000E+00
   7092362    0.11785700E+00
   7092363    0.14166700E+00
   7092364    0.88636000E-01
   7092365    0.91667000E-01
   7092366    0.83333000E-01
   7092367    0.90000000E-01
   7092368    0.11000000E+00
   7092369    0.10166700E+00
   7092370    0.14416700E+00
   7092376    0.90000000E-01
   7092377    0.26818000E-01
   7092378    0.30000000E-01
   7092379    0.27500000E-01
   7092386    0.13375000E+00
   7092387    0.12857100E+00
   7092388    0.72917000E-01
   7092389    0.70000000E-01
   7092390    0.64375000E-01
   7092391    0.66667000E-01
   7092392    0.10500000E+00
   7092393    0.91667000E-01
   7092394    0.71875000E-01
   7092395    0.10944400E+00
   7092396    0.14833300E+00
   7092397    0.14000000E+00
   7092398    0.28333000E-01
   7092399    0.28125000E-01
   7092400    0.28125000E-01
   7092401    0.26429000E-01
   7092402    0.30714000E-01
   7092403    0.26667000E-01
   7092404    0.27273000E-01
   7092405    0.27143000E-01
   7092406    0.30000000E-01
   7092407    0.27500000E-01
   7092408    0.27500000E-01
   7092409    0.29167000E-01
   7092410    0.27000000E-01
   7092411    0.30000000E-01
   7092412    0.28000000E-01
   7092413    0.12857100E+00
   7092415    0.12833300E+00
   7092418    0.71667000E-01
   7092419    0.70000000E-01
   7092420    0.76875000E-01
   7092421    0.16800000E+00
   7092422    0.11600000E+00
   7092423    0.86667000E-01
   7092424    0.50000000E-01
   7092425    0.85000000E-01
   7092443    0.90000000E-01
   7092444    0.86667000E-01
   7093985    0.24100000E-01
   7093986    0.22727000E-01
   7093991    0.15000000E+00
   7093992    0.15000000E+00
   7093993    0.15000000E+00
   7093994    0.15000000E+00
   7093995    0.15000000E+00
   7093996    0.13750000E+00
   7093997    0.15000000E+00
   7093998    0.99286000E-01
   7093999    0.12071400E+00
   7094000    0.11250000E+00
   7094001    0.13846200E+00
   7094002    0.14250000E+00
   7094003    0.12272700E+00
   7094004    0.83333000E-01
   7094005    0.85714000E-01
   7094006    0.90000000E-01
   7094007    0.10312500E+00
   7094008    0.12722200E+00
   7094009    0.11250000E+00
   7094010    0.11750000E+00
   7094014    0.75000000E-01
   7094016    0.96429000E-01
   7094017    0.10500000E+00
   7094018    0.29286000E-01
   7094019    0.28750000E-01
   7094025    0.12857100E+00
   7094026    0.12000000E+00
   7094027    0.14166700E+00
   7094028    0.65455000E-01
   7094029    0.59444000E-01
   7094030    0.81667000E-01
   7094031    0.64545000E-01
   7094032    0.61250000E-01
   7094033    0.15333300E+00
   7094034    0.11250000E+00
   7094035    0.16428600E+00
   7094036    0.30000000E-01
   7094037    0.10500000E+00
   7094038    0.27778000E-01
   7094039    0.27857000E-01
   7094040    0.29583000E-01
   7094041    0.28125000E-01
   7094042    0.27778000E-01
   7094043    0.28333000E-01
   7094044    0.27857000E-01
   7094045    0.26667000E-01
   7094046    0.28182000E-01
   7094047    0.27222000E-01
   7094048    0.28750000E-01
   7094049    0.30833000E-01
   7094050    0.96429000E-01
   7094051    0.11900000E+00
   7094052    0.71250000E-01
   7094053    0.72000000E-01
   7094054    0.67500000E-01
   7094055    0.32000000E-01
   7094056    0.30833000E-01
   7094057    0.30833000E-01
   7094058    0.30000000E-01
   7094059    0.29167000E-01
   7094060    0.58571000E-01
   7094076    0.10250000E+00
   7094077    0.10277800E+00
   7095619    0.24400000E-01
   7095620    0.23923000E-01
   7095621    0.13500000E+00
   7095622    0.26167000E-01
   7095623    0.13125000E+00
   7095624    0.26800000E-01
   7095625    0.24625000E-01
   7095626    0.23333000E-01
   7095629    0.15000000E+00
   7095630    0.15000000E+00
   7095631    0.15000000E+00
   7095632    0.15000000E+00
   7095633    0.15000000E+00
   7095634    0.15000000E+00
   7095635    0.13750000E+00
   7095636    0.15000000E+00
   7095637    0.15000000E+00
   7095638    0.14250000E+00
   7095639    0.11500000E+00
   7095640    0.12500000E+00
   7095641    0.10312500E+00
   7095642    0.15000000E+00
   7095643    0.12115400E+00
   7095644    0.12200000E+00
   7095645    0.97500000E-01
   7095646    0.10714300E+00
   7095647    0.12857100E+00
   7095648    0.11785700E+00
   7095653    0.93750000E-01
   7095654    0.11250000E+00
   7095655    0.11250000E+00
   7095656    0.90000000E-01
   7095661    0.13750000E+00
   7095663    0.13928600E+00
   7095664    0.14062500E+00
   7095665    0.13125000E+00
   7095666    0.58214000E-01
   7095667    0.87143000E-01
   7095668    0.70714000E-01
   7095669    0.69167000E-01
   7095670    0.16500000E+00
   7095671    0.13583300E+00
   7095672    0.30714000E-01
   7095673    0.10000000E+00
   7095674    0.11250000E+00
   7095675    0.13500000E+00
   7095676    0.13500000E+00
   7095677    0.27083000E-01
   7095678    0.28333000E-01
   7095679    0.27143000E-01
   7095680    0.15000000E+00
   7095681    0.31250000E-01
   7095682    0.27273000E-01
   7095683    0.27143000E-01
   7095684    0.27273000E-01
   7095685    0.26500000E-01
   7095686    0.28333000E-01
   7095687    0.30455000E-01
   7095688    0.33000000E-01
   7095689    0.82857000E-01
   7095690    0.55000000E-01
   7095691    0.64444000E-01
   7095692    0.30000000E-01
   7095693    0.29375000E-01
   7095694    0.28889000E-01
   7095695    0.27143000E-01
   7095696    0.26875000E-01
   7095697    0.25000000E-01
   7095713    0.25000000E-01
   7095714    0.95714000E-01
   7097283    0.22667000E-01
   7097284    0.23667000E-01
   7097285    0.25833000E-01
   7097286    0.24857000E-01
   7097287    0.26167000E-01
   7097288    0.13750000E+00
   7097289    0.13928600E+00
   7097290    0.13750000E+00
   7097291    0.13750000E+00
   7097292    0.15000000E+00
   7097293    0.15000000E+00
   7097294    0.15000000E+00
   7097295    0.15000000E+00
   7097296    0.15000000E+00
   7097297    0.15000000E+00
   7097298    0.15000000E+00
   7097299    0.15000000E+00
   7097300    0.13750000E+00
   7097301    0.13928600E+00
   7097302    0.14318200E+00
   7097303    0.15000000E+00
   7097304    0.15000000E+00
   7097305    0.15000000E+00
   7097306    0.13000000E+00
   7097307    0.12857100E+00
   7097308    0.12750000E+00
   7097309    0.96429000E-01
   7097310    0.11250000E+00
   7097311    0.15000000E+00
   7097312    0.12500000E+00
   7097313    0.13333300E+00
   7097314    0.12954500E+00
   7097315    0.13125000E+00
   7097316    0.15000000E+00
   7097317    0.13750000E+00
   7097321    0.11785700E+00
   7097322    0.11250000E+00
   7097323    0.10000000E+00
   7097329    0.14062500E+00
   7097331    0.85000000E-01
   7097332    0.68750000E-01
   7097333    0.31250000E-01
   7097334    0.31000000E-01
   7097335    0.29444000E-01
   7097336    0.10833300E+00
   7097337    0.12500000E+00
   7097338    0.13928600E+00
   7097339    0.15000000E+00
   7097340    0.26818000E-01
   7097341    0.29167000E-01
   7097342    0.15000000E+00
   7097343    0.28000000E-01
   7097344    0.29167000E-01
   7097345    0.26000000E-01
   7097346    0.26250000E-01
   7097347    0.26364000E-01
   7097348    0.27917000E-01
   7097349    0.30500000E-01
   7097350    0.31667000E-01
   7097351    0.31667000E-01
   7097352    0.30833000E-01
   7097353    0.27143000E-01
   7097354    0.27500000E-01
   7097355    0.25500000E-01
   7097356    0.25000000E-01
   7097357    0.25417000E-01
   7097358    0.25000000E-01
   7097372    0.25000000E-01
   7097373    0.25000000E-01
   7098961    0.83333000E-01
   7098968    0.23000000E-01
   7098969    0.24222000E-01
   7098970    0.22857000E-01
   7098971    0.27833000E-01
   7098972    0.27000000E-01
   7098973    0.24200000E-01
   7098974    0.13222200E+00
   7098975    0.12333300E+00
   7098976    0.14200000E+00
   7098977    0.14250000E+00
   7098978    0.15000000E+00
   7098979    0.15000000E+00
   7098980    0.14250000E+00
   7098981    0.14062500E+00
   7098982    0.14166700E+00
   7098983    0.15000000E+00
   7098984    0.14318200E+00
   7098985    0.14062500E+00
   7098986    0.14166700E+00
   7098987    0.15000000E+00
   7098988    0.15000000E+00
   7098989    0.15000000E+00
   7098990    0.11576900E+00
   7098991    0.15000000E+00
   7098992    0.13928600E+00
   7098993    0.15000000E+00
   7098994    0.15000000E+00
   7098995    0.15000000E+00
   7098996    0.15000000E+00
   7098997    0.15000000E+00
   7098998    0.15000000E+00
   7098999    0.10714300E+00
   7099000    0.11250000E+00
   7099001    0.10500000E+00
   7099002    0.10500000E+00
   7099003    0.10937500E+00
   7099004    0.11000000E+00
   7099005    0.78125000E-01
   7099006    0.50000000E-01
   7099007    0.11590900E+00
   7099008    0.90385000E-01
   7099009    0.14166700E+00
   7099010    0.13333300E+00
   7099011    0.11500000E+00
   7099012    0.13125000E+00
   7099013    0.13125000E+00
   7099014    0.15000000E+00
   7099015    0.15000000E+00
   7099019    0.12187500E+00
   7099020    0.11666700E+00
   7099026    0.30000000E-01
   7099027    0.29286000E-01
   7099028    0.28636000E-01
   7099029    0.26250000E-01
   7099030    0.15000000E+00
   7099031    0.12750000E+00
   7099032    0.14250000E+00
   7099033    0.14318200E+00
   7099034    0.27222000E-01
   7099035    0.15000000E+00
   7099036    0.29286000E-01
   7099037    0.15000000E+00
   7099038    0.27500000E-01
   7099039    0.27857000E-01
   7099040    0.27857000E-01
   7099041    0.27000000E-01
   7099042    0.27727000E-01
   7099043    0.30000000E-01
   7099044    0.28125000E-01
   7099045    0.27778000E-01
   7099046    0.25625000E-01
   7099047    0.25000000E-01
   7099048    0.25000000E-01
   7099049    0.25000000E-01
   7099050    0.25000000E-01
   7099051    0.25000000E-01
   7099063    0.25000000E-01
   7099064    0.25000000E-01
   7100688    0.85000000E-01
   7100689    0.95000000E-01
   7100694    0.30000000E-01
   7100695    0.11000000E+00
   7100698    0.22250000E-01
   7100699    0.23167000E-01
   7100700    0.22231000E-01
   7100701    0.26500000E-01
   7100702    0.24917000E-01
   7100704    0.13000000E+00
   7100705    0.15000000E+00
   7100706    0.11800000E+00
   7100707    0.12714300E+00
   7100708    0.15000000E+00
   7100709    0.15000000E+00
   7100710    0.13125000E+00
   7100711    0.13333300E+00
   7100712    0.13333300E+00
   7100713    0.15000000E+00
   7100714    0.15000000E+00
   7100715    0.15000000E+00
   7100716    0.14062500E+00
   7100717    0.15000000E+00
   7100718    0.15000000E+00
   7100719    0.15000000E+00
   7100720    0.92222000E-01
   7100721    0.12562500E+00
   7100722    0.13500000E+00
   7100723    0.72222000E-01
   7100724    0.95000000E-01
   7100725    0.10555600E+00
   7100726    0.11291700E+00
   7100727    0.10055600E+00
   7100728    0.15000000E+00
   7100729    0.15000000E+00
   7100730    0.15000000E+00
   7100731    0.15000000E+00
   7100732    0.15000000E+00
   7100733    0.84375000E-01
   7100734    0.80000000E-01
   7100735    0.85714000E-01
   7100736    0.90625000E-01
   7100737    0.10000000E+00
   7100738    0.10000000E+00
   7100739    0.71154000E-01
   7100740    0.10562500E+00
   7100741    0.87500000E-01
   7100742    0.50000000E-01
   7100743    0.50500000E-01
   7100744    0.11363600E+00
   7100745    0.75000000E-01
   7100746    0.15000000E+00
   7100747    0.14375000E+00
   7100748    0.12777800E+00
   7100749    0.10357100E+00
   7100750    0.15000000E+00
   7100756    0.11250000E+00
   7100761    0.28125000E-01
   7100762    0.25625000E-01
   7100763    0.26818000E-01
   7100764    0.25000000E-01
   7100765    0.25500000E-01
   7100766    0.14062500E+00
   7100767    0.13125000E+00
   7100768    0.14318200E+00
   7100769    0.14166700E+00
   7100770    0.29000000E-01
   7100771    0.14166700E+00
   7100772    0.13500000E+00
   7100773    0.27727000E-01
   7100774    0.31000000E-01
   7100775    0.28333000E-01
   7100776    0.27222000E-01
   7100777    0.27000000E-01
   7100778    0.25625000E-01
   7100779    0.25000000E-01
   7100780    0.25000000E-01
   7100781    0.25000000E-01
   7100782    0.25000000E-01
   7100783    0.25000000E-01
   7100784    0.25000000E-01
   7100794    0.25455000E-01
   7100795    0.25000000E-01
   7102436    0.87500000E-01
   7102437    0.10000000E+00
   7102438    0.87500000E-01
   7102439    0.76000000E-01
   7102440    0.10312500E+00
   7102441    0.89167000E-01
   7102442    0.10200000E+00
   7102443    0.27000000E-01
   7102444    0.26000000E-01
   7102445    0.24600000E-01
   7102446    0.12000000E+00
   7102451    0.23571000E-01
   7102454    0.13000000E+00
   7102455    0.15000000E+00
   7102456    0.15000000E+00
   7102457    0.13222200E+00
   7102458    0.14318200E+00
   7102459    0.13750000E+00
   7102460    0.13333300E+00
   7102461    0.15000000E+00
   7102462    0.15000000E+00
   7102463    0.15000000E+00
   7102464    0.15000000E+00
   7102466    0.15000000E+00
   7102467    0.15000000E+00
   7102468    0.12000000E+00
   7102469    0.12923100E+00
   7102470    0.12214300E+00
   7102471    0.10062500E+00
   7102472    0.11625000E+00
   7102473    0.12545500E+00
   7102474    0.13125000E+00
   7102475    0.94286000E-01
   7102476    0.12500000E+00
   7102477    0.13928600E+00
   7102478    0.11900000E+00
   7102479    0.15000000E+00
   7102480    0.15000000E+00
   7102481    0.15000000E+00
   7102482    0.15000000E+00
   7102483    0.15000000E+00
   7102484    0.15000000E+00
   7102485    0.15000000E+00
   7102486    0.72222000E-01
   7102487    0.64583000E-01
   7102488    0.72143000E-01
   7102489    0.91250000E-01
   7102490    0.62273000E-01
   7102491    0.50000000E-01
   7102492    0.50000000E-01
   7102493    0.80000000E-01
   7102494    0.50000000E-01
   7102495    0.50625000E-01
   7102496    0.72857000E-01
   7102497    0.88636000E-01
   7102498    0.80769000E-01
   7102499    0.71875000E-01
   7102500    0.15000000E+00
   7102501    0.13750000E+00
   7102502    0.15000000E+00
   7102503    0.10357100E+00
   7102504    0.13437500E+00
   7102512    0.13928600E+00
   7102515    0.26000000E-01
   7102516    0.25000000E-01
   7102517    0.25500000E-01
   7102518    0.25000000E-01
   7102519    0.25000000E-01
   7102520    0.14062500E+00
   7102521    0.13333300E+00
   7102522    0.14166700E+00
   7102523    0.14062500E+00
   7102524    0.14166700E+00
   7102525    0.13500000E+00
   7102526    0.15000000E+00
   7102527    0.30000000E-01
   7102528    0.27222000E-01
   7102529    0.25000000E-01
   7102530    0.25000000E-01
   7102531    0.25000000E-01
   7102532    0.25000000E-01
   7102533    0.25625000E-01
   7102542    0.26111000E-01
   7102543    0.25000000E-01
   7104149    0.12142900E+00
   7104150    0.10555600E+00
   7104151    0.10916700E+00
   7104152    0.12222200E+00
   7104153    0.15000000E+00
   7104154    0.10944400E+00
   7104155    0.12600000E+00
   7104156    0.13285700E+00
   7104157    0.24667000E-01
   7104158    0.22917000E-01
   7104159    0.23625000E-01
   7104161    0.13000000E+00
   7104167    0.12333300E+00
   7104168    0.15000000E+00
   7104169    0.13000000E+00
   7104170    0.14166700E+00
   7104171    0.15000000E+00
   7104172    0.15000000E+00
   7104173    0.15000000E+00
   7104174    0.15000000E+00
   7104178    0.10000000E+00
   7104179    0.15000000E+00
   7104180    0.14000000E+00
   7104181    0.12923100E+00
   7104182    0.11562500E+00
   7104183    0.13227300E+00
   7104184    0.12550000E+00
   7104185    0.11800000E+00
   7104186    0.35000000E-01
   7104187    0.88000000E-01
   7104188    0.73000000E-01
   7104189    0.15000000E+00
   7104190    0.14250000E+00
   7104191    0.32400000E-01
   7104192    0.28500000E-01
   7104193    0.15000000E+00
   7104194    0.15000000E+00
   7104195    0.15000000E+00
   7104196    0.15000000E+00
   7104197    0.15000000E+00
   7104198    0.52308000E-01
   7104199    0.55000000E-01
   7104200    0.53000000E-01
   7104201    0.55455000E-01
   7104202    0.58750000E-01
   7104203    0.60909000E-01
   7104204    0.69000000E-01
   7104205    0.66667000E-01
   7104206    0.73333000E-01
   7104207    0.92500000E-01
   7104208    0.11250000E+00
   7104209    0.83333000E-01
   7104210    0.65000000E-01
   7104211    0.62500000E-01
   7104212    0.15000000E+00
   7104214    0.15000000E+00
   7104215    0.13750000E+00
   7104216    0.11250000E+00
   7104224    0.14062500E+00
   7104227    0.27857000E-01
   7104228    0.27222000E-01
   7104229    0.25625000E-01
   7104230    0.26154000E-01
   7104231    0.26250000E-01
   7104232    0.14250000E+00
   7104233    0.13750000E+00
   7104234    0.14166700E+00
   7104235    0.14318200E+00
   7104236    0.13187500E+00
   7104237    0.14200000E+00
   7104238    0.30000000E-01
   7104239    0.12642900E+00
   7104240    0.26364000E-01
   7104241    0.27000000E-01
   7104242    0.27222000E-01
   7104243    0.26875000E-01
   7104244    0.27857000E-01
   7104245    0.27857000E-01
   7104253    0.27727000E-01
   7104256    0.30000000E-01
   7105835    0.14166700E+00
   7105836    0.13437500E+00
   7105837    0.15000000E+00
   7105838    0.15000000E+00
   7105839    0.15000000E+00
   7105840    0.13642900E+00
   7105841    0.13538500E+00
   7105847    0.15000000E+00
   7105848    0.15000000E+00
   7105850    0.15000000E+00
   7105854    0.12142900E+00
   7105855    0.15000000E+00
   7105856    0.15000000E+00
   7105857    0.15000000E+00
   7105858    0.15000000E+00
   7105859    0.15000000E+00
   7105860    0.15000000E+00
   7105864    0.85000000E-01
   7105865    0.15000000E+00
   7105866    0.15000000E+00
   7105867    0.15000000E+00
   7105868    0.15000000E+00
   7105869    0.12500000E+00
   7105870    0.14250000E+00
   7105871    0.13611100E+00
   7105872    0.13181800E+00
   7105873    0.11666700E+00
   7105874    0.28500000E-01
   7105875    0.28500000E-01
   7105876    0.24167000E-01
   7105877    0.15000000E+00
   7105878    0.15000000E+00
   7105879    0.27200000E-01
   7105880    0.24167000E-01
   7105881    0.15000000E+00
   7105882    0.23857000E-01
   7105883    0.15000000E+00
   7105884    0.15000000E+00
   7105885    0.15000000E+00
   7105886    0.15000000E+00
   7105887    0.15000000E+00
   7105888    0.50500000E-01
   7105889    0.60000000E-01
   7105890    0.65000000E-01
   7105891    0.76875000E-01
   7105892    0.71500000E-01
   7105893    0.85556000E-01
   7105895    0.73750000E-01
   7105897    0.87500000E-01
   7105898    0.75000000E-01
   7105899    0.75000000E-01
   7105900    0.68750000E-01
   7105901    0.75000000E-01
   7105902    0.75000000E-01
   7105903    0.75000000E-01
   7105914    0.15000000E+00
   7105917    0.30000000E-01
   7105918    0.27778000E-01
   7105919    0.26818000E-01
   7105920    0.27857000E-01
   7105921    0.15000000E+00
   7105922    0.15000000E+00
   7105923    0.13388900E+00
   7105924    0.14166700E+00
   7105925    0.12550000E+00
   7105926    0.11083300E+00
   7105927    0.10500000E+00
   7105928    0.28125000E-01
   7105929    0.29286000E-01
   7105930    0.28333000E-01
   7105931    0.30000000E-01
   7105939    0.30000000E-01
   7105941    0.13000000E+00
   7105942    0.13400000E+00
   7107543    0.14062500E+00
   7107544    0.13750000E+00
   7107545    0.14062500E+00
   7107546    0.14250000E+00
   7107547    0.14300000E+00
   7107548    0.14062500E+00
   7107549    0.14222200E+00
   7107550    0.14300000E+00
   7107556    0.15000000E+00
   7107557    0.15000000E+00
   7107558    0.15000000E+00
   7107559    0.15000000E+00
   7107562    0.13250000E+00
   7107563    0.11750000E+00
   7107564    0.15000000E+00
   7107565    0.13611100E+00
   7107566    0.15000000E+00
   7107567    0.15000000E+00
   7107571    0.88750000E-01
   7107573    0.15000000E+00
   7107574    0.14062500E+00
   7107575    0.15000000E+00
   7107576    0.15000000E+00
   7107577    0.15000000E+00
   7107578    0.15000000E+00
   7107579    0.15000000E+00
   7107580    0.13000000E+00
   7107581    0.13863600E+00
   7107582    0.15000000E+00
   7107583    0.25250000E-01
   7107584    0.24889000E-01
   7107586    0.15000000E+00
   7107587    0.15000000E+00
   7107593    0.15000000E+00
   7107594    0.14000000E+00
   7107595    0.15000000E+00
   7107596    0.15000000E+00
   7107597    0.15000000E+00
   7107598    0.72727000E-01
   7107599    0.78571000E-01
   7107600    0.83125000E-01
   7107601    0.73750000E-01
   7107602    0.72000000E-01
   7107603    0.73333000E-01
   7107610    0.75000000E-01
   7107611    0.75000000E-01
   7107623    0.13750000E+00
   7107624    0.13888900E+00
   7107625    0.13000000E+00
   7107626    0.13750000E+00
   7107627    0.14000000E+00
   7107628    0.10300000E+00
   7107629    0.87000000E-01
   7107630    0.11333300E+00
   7107631    0.14000000E+00
   7107632    0.12500000E+00
   7107633    0.10500000E+00
   7107634    0.99444000E-01
   7107635    0.10000000E+00
   7107636    0.15000000E+00
   7107637    0.15000000E+00
   7107638    0.14000000E+00
   7107639    0.15000000E+00
   7107645    0.13666700E+00
   7107647    0.14000000E+00
   7107648    0.14000000E+00
   7109248    0.12000000E+00
   7109249    0.12050000E+00
   7109250    0.13187500E+00
   7109251    0.14300000E+00
   7109252    0.12611100E+00
   7109253    0.14000000E+00
   7109254    0.14363600E+00
   7109260    0.11250000E+00
   7109261    0.15000000E+00
   7109262    0.14363600E+00
   7109263    0.13444400E+00
   7109264    0.11857100E+00
   7109265    0.15000000E+00
   7109266    0.12916700E+00
   7109267    0.15000000E+00
   7109268    0.15000000E+00
   7109269    0.15000000E+00
   7109270    0.15000000E+00
   7109276    0.15000000E+00
   7109277    0.15000000E+00
   7109278    0.15000000E+00
   7109279    0.12812500E+00
   7109280    0.14166700E+00
   7109281    0.12500000E+00
   7109282    0.15000000E+00
   7109283    0.15000000E+00
   7109284    0.15000000E+00
   7109285    0.15000000E+00
   7109286    0.15000000E+00
   7109287    0.15000000E+00
   7109296    0.15000000E+00
   7109297    0.15000000E+00
   7109298    0.13750000E+00
   7109299    0.12500000E+00
   7109300    0.15000000E+00
   7109301    0.15000000E+00
   7109302    0.75000000E-01
   7109303    0.82778000E-01
   7109304    0.74167000E-01
   7109325    0.12500000E+00
   7109326    0.13125000E+00
   7109327    0.12777800E+00
   7109328    0.12777800E+00
   7109329    0.11944400E+00
   7109330    0.13583300E+00
   7109331    0.91875000E-01
   7109332    0.11000000E+00
   7109333    0.11346200E+00
   7109334    0.10000000E+00
   7109335    0.10000000E+00
   7109336    0.15000000E+00
   7109337    0.15000000E+00
   7109338    0.15333300E+00
   7109342    0.15000000E+00
   7109343    0.15000000E+00
   7109344    0.15000000E+00
   7109345    0.15000000E+00
   7110928    0.11312500E+00
   7110929    0.12800000E+00
   7110930    0.12583300E+00
   7110931    0.14416700E+00
   7110932    0.15000000E+00
   7110933    0.14000000E+00
   7110934    0.13666700E+00
   7110936    0.13400000E+00
   7110937    0.75000000E-01
   7110938    0.10000000E+00
   7110939    0.13125000E+00
   7110940    0.11857100E+00
   7110941    0.15000000E+00
   7110942    0.14125000E+00
   7110943    0.12555600E+00
   7110944    0.15000000E+00
   7110945    0.14222200E+00
   7110947    0.15000000E+00
   7110949    0.15000000E+00
   7110955    0.14222200E+00
   7110957    0.15000000E+00
   7110960    0.10625000E+00
   7110962    0.11500000E+00
   7110963    0.13055600E+00
   7110964    0.15000000E+00
   7110965    0.15000000E+00
   7110977    0.15000000E+00
   7110978    0.15000000E+00
   7111005    0.12500000E+00
   7111006    0.12187500E+00
   7111007    0.11041700E+00
   7111008    0.11250000E+00
   7111009    0.13500000E+00
   7111010    0.11428600E+00
   7111011    0.10000000E+00
   7111012    0.10000000E+00
   7111013    0.10000000E+00
   7111014    0.15272700E+00
   7111015    0.14000000E+00
   7111017    0.14272700E+00
   7111018    0.15000000E+00
   7111019    0.15000000E+00
   7112543    0.16600000E+00
   7112544    0.13187500E+00
   7112545    0.14222200E+00
   7112546    0.13000000E+00
   7112547    0.13500000E+00
   7112548    0.13600000E+00
   7112549    0.12785700E+00
   7112550    0.13277800E+00
   7112552    0.12785700E+00
   7112555    0.12857100E+00
   7112556    0.15000000E+00
   7112557    0.15000000E+00
   7112558    0.13833300E+00
   7112559    0.15000000E+00
   7112560    0.13833300E+00
   7112568    0.15166700E+00
   7112569    0.14000000E+00
   7112570    0.14428600E+00
   7112571    0.15833300E+00
   7112618    0.12000000E+00
   7112619    0.11562500E+00
   7112620    0.97917000E-01
   7112621    0.10312500E+00
   7112622    0.12333300E+00
   7112623    0.10416700E+00
   7112624    0.10000000E+00
   7112625    0.14125000E+00
   7112626    0.13111100E+00
   7112627    0.11900000E+00
   7112628    0.13562500E+00
   7112629    0.12642900E+00
   7112630    0.11625000E+00
   7112631    0.11090900E+00
   7114042    0.15714300E+00
   7114043    0.15500000E+00
   7114044    0.15333300E+00
   7114045    0.15000000E+00
   7114047    0.16142900E+00
   7114048    0.16333300E+00
   7114049    0.16333300E+00
   7114050    0.16200000E+00
   7114051    0.15750000E+00
   7114052    0.14000000E+00
   7114053    0.13928600E+00
   7114054    0.13333300E+00
   7114055    0.13550000E+00
   7114056    0.13892900E+00
   7114065    0.13250000E+00
   7114075    0.13954500E+00
   7114076    0.14714300E+00
   7114077    0.14000000E+00
   7114078    0.15833300E+00
   7114118    0.10900000E+00
   7114119    0.10000000E+00
   7114120    0.11166700E+00
   7114121    0.10000000E+00
   7114122    0.10714300E+00
   7114123    0.11250000E+00
   7114124    0.10000000E+00
   7114125    0.10000000E+00
   7114126    0.10000000E+00
   7114127    0.10000000E+00
   7114128    0.11954500E+00
   7114129    0.10250000E+00
   7114130    0.10000000E+00
   7114131    0.10000000E+00
   7114132    0.11681800E+00
   7115461    0.14714300E+00
   7115462    0.14571400E+00
   7115463    0.14142900E+00
   7115464    0.15000000E+00
   7115467    0.15300000E+00
   7115468    0.15269200E+00
   7115469    0.16166700E+00
   7115470    0.13850000E+00
   7115471    0.15666700E+00
   7115472    0.14150000E+00
   7115473    0.15333300E+00
   7115474    0.14142900E+00
   7115475    0.14187500E+00
   7115476    0.13821400E+00
   7115477    0.14500000E+00
   7115478    0.13888900E+00
   7115479    0.14000000E+00
   7115480    0.13538500E+00
   7115481    0.13863600E+00
   7115482    0.14681800E+00
   7115500    0.13437500E+00
   7115501    0.12928600E+00
   7115502    0.14400000E+00
   7115537    0.10625000E+00
   7115538    0.99167000E-01
   7115539    0.10000000E+00
   7115541    0.11000000E+00
   7115543    0.10642900E+00
   7115544    0.10687500E+00
   7115545    0.10000000E+00
   7115546    0.10500000E+00
   7115547    0.10000000E+00
   7115548    0.10555600E+00
   7115549    0.10000000E+00
   7115550    0.10000000E+00
   7115551    0.10000000E+00
   7115552    0.92727000E-01
   7115553    0.10000000E+00
   7115554    0.83750000E-01
   7115555    0.10625000E+00
   7115562    0.13125000E+00
   7116849    0.14750000E+00
   7116850    0.14555600E+00
   7116851    0.13600000E+00
   7116855    0.15166700E+00
   7116856    0.14611100E+00
   7116857    0.12916700E+00
   7116858    0.13950000E+00
   7116859    0.13812500E+00
   7116860    0.12937500E+00
   7116861    0.12791700E+00
   7116862    0.14625000E+00
   7116863    0.14777800E+00
   7116864    0.14500000E+00
   7116865    0.15375000E+00
   7116866    0.14555600E+00
   7116867    0.14500000E+00
   7116868    0.13928600E+00
   7116869    0.14166700E+00
   7116885    0.12916700E+00
   7116886    0.12100000E+00
   7116887    0.13750000E+00
   7116920    0.96429000E-01
   7116921    0.98750000E-01
   7116922    0.91000000E-01
   7116923    0.10357100E+00
   7116924    0.10583300E+00
   7116925    0.97500000E-01
   7116926    0.10111100E+00
   7116927    0.10000000E+00
   7116928    0.10000000E+00
   7116929    0.10000000E+00
   7116930    0.10000000E+00
   7116931    0.10000000E+00
   7116932    0.10000000E+00
   7116933    0.11250000E+00
   7116940    0.13750000E+00
   7118292    0.15500000E+00
   7118293    0.15333300E+00
   7118294    0.14000000E+00
   7118298    0.15833300E+00
   7118299    0.14850000E+00
   7118300    0.13812500E+00
   7118301    0.11888900E+00
   7118302    0.12833300E+00
   7118303    0.12214300E+00
   7118304    0.14454500E+00
   7118305    0.14100000E+00
   7118306    0.14000000E+00
   7118307    0.14227300E+00
   7118308    0.15888900E+00
   7118309    0.14500000E+00
   7118310    0.14555600E+00
   7118311    0.15000000E+00
   7118312    0.14250000E+00
   7118339    0.13125000E+00
   7118342    0.13750000E+00
   7118347    0.13125000E+00
   7118348    0.15000000E+00
   7118349    0.15000000E+00
   7118350    0.15000000E+00
   7118353    0.15000000E+00
   7118354    0.13000000E+00
   7118355    0.15000000E+00
   7118356    0.15000000E+00
   7118357    0.10583300E+00
   7118358    0.12000000E+00
   7118359    0.12000000E+00
   7118360    0.15000000E+00
   7118361    0.94444000E-01
   7118362    0.91875000E-01
   7118363    0.90500000E-01
   7118364    0.98333000E-01
   7118365    0.98333000E-01
   7118366    0.10318200E+00
   7118367    0.10000000E+00
   7118368    0.10000000E+00
   7118369    0.10500000E+00
   7118370    0.12222200E+00
   7118377    0.14000000E+00
   7119811    0.15428600E+00
   7119812    0.15200000E+00
   7119817    0.15555600E+00
   7119818    0.15111100E+00
   7119819    0.14000000E+00
   7119820    0.13388900E+00
   7119821    0.12812500E+00
   7119822    0.14285700E+00
   7119823    0.15000000E+00
   7119824    0.14100000E+00
   7119825    0.15000000E+00
   7119826    0.15125000E+00
   7119827    0.15000000E+00
   7119828    0.15000000E+00
   7119830    0.15000000E+00
   7119831    0.15200000E+00
   7119842    0.70000000E-01
   7119843    0.70000000E-01
   7119844    0.10600000E+00
   7119845    0.13000000E+00
   7119846    0.13250000E+00
   7119854    0.15000000E+00
   7119855    0.12000000E+00
   7119856    0.12000000E+00
   7119857    0.15000000E+00
   7119858    0.13928600E+00
   7119859    0.12500000E+00
   7119860    0.12857100E+00
   7119861    0.15000000E+00
   7119862    0.15000000E+00
   7119863    0.15000000E+00
   7119864    0.13125000E+00
   7119865    0.15000000E+00
   7119866    0.15000000E+00
   7119867    0.15000000E+00
   7119868    0.15000000E+00
   7119869    0.10428600E+00
   7119870    0.14000000E+00
   7119871    0.15000000E+00
   7119872    0.15000000E+00
   7119873    0.11312500E+00
   7119874    0.11785700E+00
   7119875    0.13333300E+00
   7119876    0.11750000E+00
   7119877    0.95500000E-01
   7119878    0.92500000E-01
   7119879    0.88571000E-01
   7119880    0.96667000E-01
   7119881    0.10000000E+00
   7119882    0.98000000E-01
   7119883    0.11636400E+00
   7121330    0.15200000E+00
   7121335    0.14000000E+00
   7121336    0.14200000E+00
   7121337    0.12800000E+00
   7121338    0.14833300E+00
   7121339    0.15428600E+00
   7121340    0.14600000E+00
   7121341    0.14714300E+00
   7121342    0.14000000E+00
   7121348    0.12666700E+00
   7121350    0.11000000E+00
   7121358    0.10777800E+00
   7121359    0.11277800E+00
   7121360    0.11944400E+00
   7121367    0.15000000E+00
   7121368    0.13500000E+00
   7121369    0.12500000E+00
   7121370    0.13125000E+00
   7121371    0.13500000E+00
   7121372    0.14000000E+00
   7121373    0.14111100E+00
   7121374    0.14200000E+00
   7121375    0.14062500E+00
   7121376    0.14000000E+00
   7121377    0.15000000E+00
   7121378    0.13750000E+00
   7121379    0.11230800E+00
   7121380    0.11000000E+00
   7121381    0.14062500E+00
   7121382    0.15000000E+00
   7121383    0.11541700E+00
   7121384    0.12187500E+00
   7121385    0.92143000E-01
   7121386    0.90000000E-01
   7121387    0.89375000E-01
   7121388    0.92143000E-01
   7121389    0.96250000E-01
   7121390    0.97143000E-01
   7122859    0.10785700E+00
   7122860    0.10700000E+00
   7122861    0.16000000E+00
   7122862    0.10833300E+00
   7122863    0.10000000E+00
   7122864    0.15000000E+00
   7122865    0.12600000E+00
   7122867    0.14500000E+00
   7122868    0.14500000E+00
   7122869    0.10444400E+00
   7122870    0.12000000E+00
   7122877    0.12950000E+00
   7122878    0.14000000E+00
   7122879    0.13928600E+00
   7122880    0.13545500E+00
   7122881    0.13000000E+00
   7122882    0.15000000E+00
   7122883    0.13400000E+00
   7122884    0.10875000E+00
   7122885    0.10937500E+00
   7122886    0.14000000E+00
   7122887    0.97143000E-01
   7122888    0.10000000E+00
   7122889    0.13444400E+00
   7122890    0.11464300E+00
   7122891    0.85000000E-01
   7122892    0.81875000E-01
   7122893    0.90000000E-01
   7122894    0.98000000E-01
   7122897    0.10000000E+00
   7124350    0.10062500E+00
   7124351    0.10500000E+00
   7124352    0.98571000E-01
   7124353    0.14333300E+00
   7124354    0.11875000E+00
   7124355    0.14222200E+00
   7124356    0.14400000E+00
   7124357    0.14666700E+00
   7124358    0.15000000E+00
   7124359    0.96364000E-01
   7124363    0.13600000E+00
   7124364    0.13428600E+00
   7124365    0.11700000E+00
   7124366    0.14000000E+00
   7124367    0.15000000E+00
   7124368    0.12200000E+00
   7124369    0.12666700E+00
   7124370    0.10500000E+00
   7124371    0.11071400E+00
   7124372    0.14071400E+00
   7124373    0.10888900E+00
   7124374    0.10888900E+00
   7124375    0.10950000E+00
   7124376    0.86250000E-01
   7124377    0.79375000E-01
   7124378    0.10050000E+00
   7124380    0.10000000E+00
   7124381    0.10888900E+00
   7125850    0.10222200E+00
   7125851    0.87500000E-01
   7125852    0.75000000E-01
   7125853    0.15888900E+00
   7125854    0.12722200E+00
   7125855    0.14800000E+00
   7125856    0.14333300E+00
   7125857    0.98500000E-01
   7125860    0.13600000E+00
   7125861    0.14000000E+00
   7125862    0.14500000E+00
   7125863    0.12785700E+00
   7125864    0.14166700E+00
   7125865    0.10450000E+00
   7125866    0.10785700E+00
   7125867    0.11562500E+00
   7125868    0.99444000E-01
   7125869    0.78750000E-01
   7125870    0.10375000E+00
   7125871    0.85455000E-01
   7125872    0.91000000E-01
   7125873    0.10375000E+00
   7125874    0.10000000E+00
   7125875    0.97222000E-01
   7127389    0.10222200E+00
   7127390    0.95625000E-01
   7127391    0.13423100E+00
   7127392    0.15000000E+00
   7127393    0.14000000E+00
   7127394    0.11000000E+00
   7127395    0.13666700E+00
   7127396    0.15000000E+00
   7127397    0.15000000E+00
   7127398    0.13800000E+00
   7127399    0.13909100E+00
   7127400    0.13541700E+00
   7127401    0.88125000E-01
   7127402    0.13050000E+00
   7127403    0.78571000E-01
   7127404    0.76923000E-01
   7127405    0.87727000E-01
   7127406    0.90625000E-01
   7127407    0.10000000E+00
   7127408    0.96875000E-01
   7128972    0.12000000E+00
   7128973    0.12000000E+00
   7128984    0.15000000E+00
   7128987    0.11500000E+00
   7128988    0.12055600E+00
   7128989    0.13500000E+00
   7128990    0.12142900E+00
   7128991    0.14111100E+00
   7128992    0.12750000E+00
   7128993    0.15000000E+00
   7128994    0.15000000E+00
   7128995    0.13888900E+00
   7128996    0.12777800E+00
   7128997    0.10000000E+00
   7128998    0.12541700E+00
   7128999    0.10083300E+00
   7129000    0.90909000E-01
   7129001    0.86667000E-01
   7129002    0.91667000E-01
   7129003    0.10000000E+00
   7129004    0.10800000E+00
   7130622    0.12000000E+00
   7130623    0.12000000E+00
   7130624    0.12000000E+00
   7130625    0.12000000E+00
   7130627    0.12000000E+00
   7130628    0.12000000E+00
   7130629    0.12000000E+00
   7130630    0.98889000E-01
   7130631    0.95833000E-01
   7130632    0.79167000E-01
   7130633    0.12000000E+00
   7130634    0.12000000E+00
   7130635    0.12000000E+00
   7130636    0.12000000E+00
   7130637    0.12000000E+00
   7130638    0.12000000E+00
   7130644    0.15000000E+00
   7130645    0.15000000E+00
   7130648    0.15000000E+00
   7130649    0.15000000E+00
   7130650    0.15000000E+00
   7130651    0.12727300E+00
   7130652    0.11500000E+00
   7130653    0.12800000E+00
   7130654    0.13571400E+00
   7130655    0.14444400E+00
   7130656    0.12500000E+00
   7130657    0.11111100E+00
   7130658    0.10857100E+00
   7130659    0.10687500E+00
   7130660    0.10428600E+00
   7130661    0.10416700E+00
   7130662    0.10409100E+00
   7130663    0.11000000E+00
   7130664    0.96250000E-01
   7130678    0.15000000E+00
   7130679    0.13500000E+00
   7130680    0.13500000E+00
   7130681    0.13500000E+00
   7130682    0.15000000E+00
   7130683    0.15000000E+00
   7130684    0.13928600E+00
   7132316    0.99286000E-01
   7132318    0.12812500E+00
   7132319    0.12500000E+00
   7132320    0.14857100E+00
   7132323    0.10285700E+00
   7132324    0.90500000E-01
   7132325    0.11545500E+00
   7132326    0.10611100E+00
   7132327    0.11000000E+00
   7132328    0.12000000E+00
   7132329    0.12000000E+00
   7132330    0.11687500E+00
   7132331    0.11857100E+00
   7132332    0.10857100E+00
   7132333    0.12000000E+00
   7132334    0.12000000E+00
   7132335    0.12000000E+00
   7132336    0.12000000E+00
   7132337    0.12000000E+00
   7132338    0.15428600E+00
   7132339    0.15000000E+00
   7132340    0.12000000E+00
   7132341    0.12000000E+00
   7132342    0.13000000E+00
   7132343    0.10750000E+00
   7132344    0.12000000E+00
   7132345    0.15000000E+00
   7132346    0.15000000E+00
   7132347    0.15000000E+00
   7132348    0.15000000E+00
   7132349    0.15000000E+00
   7132350    0.15000000E+00
   7132351    0.15000000E+00
   7132352    0.14600000E+00
   7132353    0.14636400E+00
   7132354    0.10727300E+00
   7132355    0.10888900E+00
   7132356    0.93333000E-01
   7132357    0.13937500E+00
   7132358    0.12500000E+00
   7132359    0.10666700E+00
   7132360    0.10708300E+00
   7132361    0.12214300E+00
   7132362    0.11071400E+00
   7132363    0.98889000E-01
   7132364    0.10166700E+00
   7132365    0.95714000E-01
   7132375    0.15000000E+00
   7132376    0.15000000E+00
   7132377    0.14166700E+00
   7132378    0.14250000E+00
   7132379    0.15000000E+00
   7132380    0.15000000E+00
   7132381    0.15000000E+00
   7134000    0.12363600E+00
   7134001    0.14909100E+00
   7134002    0.13090900E+00
   7134004    0.15000000E+00
   7134005    0.10346200E+00
   7134006    0.13500000E+00
   7134007    0.11863600E+00
   7134008    0.12250000E+00
   7134009    0.10000000E+00
   7134010    0.12375000E+00
   7134011    0.12000000E+00
   7134012    0.12812500E+00
   7134013    0.13500000E+00
   7134014    0.14000000E+00
   7134015    0.10333300E+00
   7134016    0.11928600E+00
   7134017    0.15300000E+00
   7134018    0.14300000E+00
   7134019    0.11500000E+00
   7134020    0.12450000E+00
   7134021    0.11833300E+00
   7134022    0.12000000E+00
   7134023    0.15000000E+00
   7134024    0.15000000E+00
   7134025    0.14000000E+00
   7134026    0.14285700E+00
   7134027    0.13888900E+00
   7134028    0.13333300E+00
   7134029    0.13444400E+00
   7134030    0.13454500E+00
   7134031    0.10600000E+00
   7134032    0.10750000E+00
   7134033    0.13000000E+00
   7134034    0.11500000E+00
   7134035    0.11409100E+00
   7134036    0.11222200E+00
   7134037    0.87143000E-01
   7134038    0.80556000E-01
   7134046    0.15000000E+00
   7134047    0.14444400E+00
   7134048    0.15000000E+00
   7134049    0.15000000E+00
   7134050    0.15000000E+00
   7134051    0.15000000E+00
   7135666    0.13964300E+00
   7135667    0.15222200E+00
   7135669    0.15000000E+00
   7135670    0.15000000E+00
   7135671    0.15000000E+00
   7135672    0.14636400E+00
   7135673    0.15000000E+00
   7135674    0.12388900E+00
   7135675    0.13937500E+00
   7135676    0.13500000E+00
   7135677    0.14800000E+00
   7135678    0.14285700E+00
   7135679    0.14375000E+00
   7135680    0.15250000E+00
   7135681    0.14363600E+00
   7135682    0.14500000E+00
   7135683    0.15000000E+00
   7135684    0.14125000E+00
   7135685    0.12571400E+00
   7135686    0.12000000E+00
   7135687    0.13750000E+00
   7135688    0.12222200E+00
   7135689    0.11875000E+00
   7135690    0.11875000E+00
   7135691    0.12100000E+00
   7135692    0.11857100E+00
   7135693    0.12000000E+00
   7135694    0.12857100E+00
   7135695    0.11666700E+00
   7135696    0.13700000E+00
   7135697    0.11812500E+00
   7135698    0.13928600E+00
   7135699    0.85000000E-01
   7135706    0.13750000E+00
   7135707    0.13181800E+00
   7135708    0.14363600E+00
   7135709    0.13666700E+00
   7135710    0.14250000E+00
   7137294    0.12000000E+00
   7137295    0.35000000E-01
   7137296    0.35000000E-01
   7137318    0.15000000E+00
   7137319    0.15000000E+00
   7137321    0.15000000E+00
   7137322    0.15000000E+00
   7137323    0.15000000E+00
   7137324    0.15000000E+00
   7137325    0.15000000E+00
   7137326    0.15000000E+00
   7137327    0.15000000E+00
   7137328    0.14583300E+00
   7137329    0.15000000E+00
   7137330    0.15000000E+00
   7137331    0.15000000E+00
   7137332    0.14416700E+00
   7137333    0.14000000E+00
   7137334    0.12571400E+00
   7137335    0.12000000E+00
   7137336    0.15000000E+00
   7137337    0.35000000E-01
   7137338    0.35000000E-01
   7137339    0.35000000E-01
   7137340    0.35000000E-01
   7137341    0.35000000E-01
   7137342    0.35000000E-01
   7137343    0.11250000E+00
   7137344    0.10833300E+00
   7137345    0.10416700E+00
   7137346    0.10000000E+00
   7137347    0.12777800E+00
   7137348    0.10625000E+00
   7137349    0.14444400E+00
   7137350    0.10000000E+00
   7137351    0.12857100E+00
   7137352    0.11291700E+00
   7137353    0.89444000E-01
   7137358    0.11666700E+00
   7137359    0.11800000E+00
   7137360    0.13222200E+00
   7137361    0.13166700E+00
   7138909    0.35000000E-01
   7138910    0.35000000E-01
   7138911    0.35000000E-01
   7138912    0.35000000E-01
   7138913    0.13583300E+00
   7138914    0.13583300E+00
   7138915    0.16000000E+00
   7138916    0.12000000E+00
   7138917    0.35000000E-01
   7138918    0.35000000E-01
   7138919    0.35000000E-01
   7138920    0.35000000E-01
   7138921    0.35000000E-01
   7138922    0.35000000E-01
   7138923    0.12000000E+00
   7138924    0.35000000E-01
   7138925    0.35000000E-01
   7138926    0.12000000E+00
   7138927    0.35000000E-01
   7138928    0.35000000E-01
   7138929    0.35000000E-01
   7138930    0.35000000E-01
   7138931    0.35000000E-01
   7138932    0.13250000E+00
   7138933    0.15000000E+00
   7138934    0.15000000E+00
   7138935    0.15000000E+00
   7138936    0.15000000E+00
   7138953    0.15000000E+00
   7138954    0.15000000E+00
   7138955    0.14000000E+00
   7138957    0.15000000E+00
   7138958    0.15000000E+00
   7138959    0.15000000E+00
   7138960    0.15000000E+00
   7138961    0.13666700E+00
   7138962    0.15000000E+00
   7138963    0.15000000E+00
   7138964    0.15000000E+00
   7138965    0.15000000E+00
   7138966    0.14363600E+00
   7138967    0.11000000E+00
   7138968    0.12000000E+00
   7138969    0.15000000E+00
   7138970    0.15000000E+00
   7138971    0.15000000E+00
   7138972    0.35000000E-01
   7138973    0.35000000E-01
   7138974    0.35000000E-01
   7138975    0.35000000E-01
   7138976    0.13250000E+00
   7138977    0.15000000E+00
   7138978    0.15000000E+00
   7138979    0.15000000E+00
   7138980    0.13600000E+00
   7138981    0.13642900E+00
   7138982    0.15000000E+00
   7138983    0.97500000E-01
   7138984    0.97500000E-01
   7138985    0.10000000E+00
   7138986    0.12500000E+00
   7138987    0.11666700E+00
   7138988    0.14444400E+00
   7138989    0.12916700E+00
   7138990    0.97222000E-01
   7138991    0.10566700E+00
   7138992    0.89444000E-01
   7138995    0.96429000E-01
   7138997    0.95000000E-01
   7138998    0.12000000E+00
   7140499    0.14600000E+00
   7140500    0.15000000E+00
   7140501    0.15125000E+00
   7140502    0.14333300E+00
   7140503    0.15142900E+00
   7140504    0.15625000E+00
   7140505    0.15285700E+00
   7140506    0.15600000E+00
   7140507    0.15500000E+00
   7140508    0.13583300E+00
   7140509    0.15000000E+00
   7140510    0.15000000E+00
   7140511    0.15000000E+00
   7140512    0.13083300E+00
   7140513    0.15000000E+00
   7140514    0.35000000E-01
   7140515    0.35000000E-01
   7140516    0.13000000E+00
   7140517    0.13285700E+00
   7140518    0.15600000E+00
   7140519    0.15750000E+00
   7140520    0.15000000E+00
   7140521    0.15600000E+00
   7140522    0.14500000E+00
   7140523    0.15000000E+00
   7140524    0.15000000E+00
   7140525    0.15000000E+00
   7140526    0.35000000E-01
   7140527    0.35000000E-01
   7140528    0.12700000E+00
   7140529    0.35000000E-01
   7140530    0.35000000E-01
   7140531    0.15000000E+00
   7140532    0.35000000E-01
   7140533    0.35000000E-01
   7140534    0.12000000E+00
   7140535    0.35000000E-01
   7140536    0.35000000E-01
   7140550    0.13333300E+00
   7140551    0.11875000E+00
   7140552    0.14300000E+00
   7140553    0.15000000E+00
   7140554    0.12300000E+00
   7140555    0.12571400E+00
   7140556    0.15000000E+00
   7140557    0.15000000E+00
   7140558    0.15000000E+00
   7140559    0.11884600E+00
   7140560    0.35000000E-01
   7140561    0.35000000E-01
   7140562    0.35000000E-01
   7140563    0.13357100E+00
   7140564    0.13500000E+00
   7140565    0.15142900E+00
   7140566    0.15250000E+00
   7140567    0.15000000E+00
   7140568    0.13500000E+00
   7140569    0.35000000E-01
   7140570    0.35000000E-01
   7140571    0.15000000E+00
   7140572    0.35000000E-01
   7140573    0.35000000E-01
   7140574    0.13666700E+00
   7140575    0.15000000E+00
   7140576    0.13833300E+00
   7140577    0.14125000E+00
   7140578    0.15000000E+00
   7140579    0.15000000E+00
   7140580    0.15000000E+00
   7140581    0.15000000E+00
   7140582    0.97500000E-01
   7140583    0.97727000E-01
   7140584    0.10416700E+00
   7140585    0.13750000E+00
   7140586    0.11666700E+00
   7140587    0.13050000E+00
   7140588    0.10785700E+00
   7140589    0.10000000E+00
   7140590    0.97143000E-01
   7140591    0.10000000E+00
   7140592    0.90000000E-01
   7140594    0.97222000E-01
   7140595    0.11000000E+00
   7142028    0.14750000E+00
   7142029    0.15000000E+00
   7142030    0.15090900E+00
   7142031    0.14636400E+00
   7142032    0.35000000E-01
   7142033    0.35000000E-01
   7142034    0.35000000E-01
   7142035    0.15000000E+00
   7142036    0.15222200E+00
   7142037    0.15000000E+00
   7142038    0.14291700E+00
   7142039    0.15000000E+00
   7142040    0.15000000E+00
   7142041    0.15000000E+00
   7142042    0.13083300E+00
   7142043    0.13666700E+00
   7142044    0.14222200E+00
   7142045    0.15300000E+00
   7142046    0.15300000E+00
   7142047    0.14300000E+00
   7142048    0.15000000E+00
   7142049    0.15000000E+00
   7142050    0.35000000E-01
   7142051    0.35000000E-01
   7142052    0.13083300E+00
   7142053    0.13357100E+00
   7142054    0.35000000E-01
   7142055    0.35000000E-01
   7142056    0.15000000E+00
   7142057    0.13250000E+00
   7142058    0.15000000E+00
   7142059    0.13500000E+00
   7142060    0.16000000E+00
   7142061    0.12000000E+00
   7142062    0.12000000E+00
   7142063    0.12100000E+00
   7142064    0.97000000E-01
   7142065    0.93571000E-01
   7142066    0.11250000E+00
   7142067    0.12500000E+00
   7142068    0.35000000E-01
   7142069    0.12000000E+00
   7142070    0.12000000E+00
   7142071    0.35000000E-01
   7142072    0.35000000E-01
   7142073    0.35000000E-01
   7142074    0.35000000E-01
   7142075    0.35000000E-01
   7142076    0.35000000E-01
   7142077    0.10000000E+00
   7142080    0.95500000E-01
   7142087    0.11111100E+00
   7142088    0.10888900E+00
   7142089    0.13111100E+00
   7142090    0.11444400E+00
   7142091    0.14000000E+00
   7142092    0.13166700E+00
   7142093    0.35000000E-01
   7142094    0.35000000E-01
   7142095    0.35000000E-01
   7142096    0.35000000E-01
   7142097    0.35000000E-01
   7142098    0.35000000E-01
   7142099    0.12900000E+00
   7142100    0.10722200E+00
   7142101    0.12375000E+00
   7142102    0.13416700E+00
   7142103    0.13136400E+00
   7142104    0.13050000E+00
   7142105    0.14625000E+00
   7142106    0.15100000E+00
   7142107    0.15000000E+00
   7142108    0.15000000E+00
   7142109    0.15000000E+00
   7142110    0.15000000E+00
   7142111    0.15000000E+00
   7142112    0.15000000E+00
   7142113    0.15000000E+00
   7142114    0.15000000E+00
   7142115    0.14300000E+00
   7142116    0.15000000E+00
   7142117    0.15000000E+00
   7142118    0.15000000E+00
   7142119    0.15000000E+00
   7142120    0.97222000E-01
   7142121    0.96875000E-01
   7142122    0.11000000E+00
   7142123    0.12727300E+00
   7142124    0.12250000E+00
   7142125    0.85000000E-01
   7142126    0.10555600E+00
   7142127    0.91818000E-01
   7142128    0.96250000E-01
   7142129    0.10083300E+00
   7142130    0.10000000E+00
   7142131    0.10000000E+00
   7143494    0.15300000E+00
   7143495    0.15000000E+00
   7143496    0.15000000E+00
   7143497    0.35000000E-01
   7143498    0.14083300E+00
   7143499    0.35000000E-01
   7143500    0.35000000E-01
   7143501    0.16166700E+00
   7143502    0.14666700E+00
   7143503    0.15400000E+00
   7143504    0.15800000E+00
   7143505    0.15000000E+00
   7143506    0.15000000E+00
   7143507    0.15000000E+00
   7143508    0.15000000E+00
   7143509    0.15000000E+00
   7143510    0.15000000E+00
   7143511    0.14461500E+00
   7143512    0.15187500E+00
   7143513    0.15000000E+00
   7143514    0.15000000E+00
   7143515    0.15000000E+00
   7143516    0.13500000E+00
   7143517    0.15000000E+00
   7143518    0.13722200E+00
   7143519    0.15000000E+00
   7143520    0.14333300E+00
   7143521    0.14222200E+00
   7143522    0.15000000E+00
   7143523    0.14428600E+00
   7143524    0.15625000E+00
   7143525    0.13187500E+00
   7143526    0.11000000E+00
   7143527    0.12312500E+00
   7143528    0.11642900E+00
   7143529    0.13187500E+00
   7143530    0.15285700E+00
   7143531    0.14200000E+00
   7143532    0.12071400E+00
   7143533    0.13687500E+00
   7143534    0.12900000E+00
   7143535    0.11666700E+00
   7143536    0.15200000E+00
   7143537    0.15000000E+00
   7143538    0.11916700E+00
   7143540    0.10000000E+00
   7143541    0.10000000E+00
   7143542    0.10000000E+00
   7143543    0.10000000E+00
   7143544    0.10000000E+00
   7143546    0.10000000E+00
   7143547    0.10000000E+00
   7143548    0.10000000E+00
   7143549    0.10888900E+00
   7143550    0.12468800E+00
   7143551    0.15000000E+00
   7143552    0.15000000E+00
   7143553    0.97500000E-01
   7143554    0.92143000E-01
   7143555    0.11312500E+00
   7143556    0.14227300E+00
   7143557    0.13812500E+00
   7143558    0.15250000E+00
   7143559    0.11785700E+00
   7143560    0.12125000E+00
   7143561    0.12166700E+00
   7143562    0.13312500E+00
   7143563    0.15142900E+00
   7143564    0.15000000E+00
   7143565    0.15000000E+00
   7143566    0.15000000E+00
   7143567    0.15000000E+00
   7143568    0.15000000E+00
   7143569    0.15000000E+00
   7143570    0.15000000E+00
   7143571    0.15000000E+00
   7143572    0.15000000E+00
   7143573    0.10000000E+00
   7143574    0.10700000E+00
   7143575    0.10125000E+00
   7143576    0.10750000E+00
   7143577    0.96000000E-01
   7143578    0.10312500E+00
   7143579    0.10000000E+00
   7143580    0.10416700E+00
   7143581    0.10000000E+00
   7144895    0.35000000E-01
   7144896    0.35000000E-01
   7144897    0.12000000E+00
   7144898    0.12000000E+00
   7144899    0.15000000E+00
   7144900    0.15000000E+00
   7144901    0.35000000E-01
   7144902    0.35000000E-01
   7144903    0.35000000E-01
   7144904    0.15000000E+00
   7144905    0.15285700E+00
   7144906    0.14312500E+00
   7144907    0.15777800E+00
   7144908    0.15833300E+00
   7144909    0.15857100E+00
   7144910    0.15500000E+00
   7144911    0.15000000E+00
   7144912    0.15000000E+00
   7144913    0.15000000E+00
   7144914    0.15000000E+00
   7144915    0.15000000E+00
   7144916    0.15000000E+00
   7144917    0.15000000E+00
   7144918    0.15000000E+00
   7144919    0.15000000E+00
   7144920    0.14166700E+00
   7144921    0.15000000E+00
   7144922    0.15000000E+00
   7144923    0.14600000E+00
   7144924    0.15000000E+00
   7144925    0.15416700E+00
   7144926    0.14250000E+00
   7144927    0.13100000E+00
   7144928    0.12863600E+00
   7144929    0.15000000E+00
   7144930    0.14500000E+00
   7144931    0.13350000E+00
   7144932    0.14833300E+00
   7144933    0.13687500E+00
   7144934    0.13687500E+00
   7144935    0.15111100E+00
   7144936    0.15000000E+00
   7144937    0.10000000E+00
   7144938    0.10600000E+00
   7144939    0.10600000E+00
   7144940    0.10000000E+00
   7144941    0.10000000E+00
   7144942    0.10000000E+00
   7144943    0.10000000E+00
   7144944    0.10000000E+00
   7144945    0.93500000E-01
   7144946    0.10666700E+00
   7144947    0.15000000E+00
   7144948    0.11111100E+00
   7144949    0.13285700E+00
   7144950    0.12700000E+00
   7144951    0.10625000E+00
   7144952    0.11000000E+00
   7144953    0.13055600E+00
   7144954    0.13944400E+00
   7144955    0.15000000E+00
   7144956    0.15000000E+00
   7144957    0.15000000E+00
   7144958    0.15000000E+00
   7144959    0.15000000E+00
   7144960    0.15000000E+00
   7144961    0.15000000E+00
   7144962    0.15000000E+00
   7144963    0.15000000E+00
   7144964    0.10714300E+00
   7144965    0.11964300E+00
   7144966    0.11562500E+00
   7144967    0.10611100E+00
   7144968    0.95000000E-01
   7144969    0.10500000E+00
   7144970    0.10000000E+00
   7146243    0.35000000E-01
   7146244    0.35000000E-01
   7146245    0.35000000E-01
   7146246    0.35000000E-01
   7146247    0.35000000E-01
   7146248    0.35000000E-01
   7146249    0.12000000E+00
   7146250    0.12700000E+00
   7146251    0.10357100E+00
   7146252    0.13642900E+00
   7146253    0.11388900E+00
   7146254    0.15000000E+00
   7146255    0.15000000E+00
   7146256    0.11714300E+00
   7146257    0.15000000E+00
   7146258    0.15000000E+00
   7146259    0.15000000E+00
   7146260    0.12857100E+00
   7146261    0.13666700E+00
   7146262    0.14772700E+00
   7146263    0.13125000E+00
   7146264    0.15000000E+00
   7146265    0.15000000E+00
   7146266    0.15000000E+00
   7146267    0.15000000E+00
   7146268    0.15000000E+00
   7146269    0.15000000E+00
   7146270    0.15000000E+00
   7146271    0.15000000E+00
   7146272    0.15000000E+00
   7146273    0.15000000E+00
   7146274    0.15000000E+00
   7146275    0.15000000E+00
   7146276    0.15000000E+00
   7146277    0.15000000E+00
   7146278    0.15000000E+00
   7146279    0.13550000E+00
   7146280    0.13636400E+00
   7146281    0.13722200E+00
   7146282    0.15000000E+00
   7146283    0.15000000E+00
   7146284    0.10272700E+00
   7146285    0.10857100E+00
   7146286    0.10600000E+00
   7146287    0.10000000E+00
   7146288    0.10000000E+00
   7146289    0.10000000E+00
   7146290    0.10136400E+00
   7146291    0.10400000E+00
   7146292    0.12222200E+00
   7146293    0.11300000E+00
   7146294    0.10312500E+00
   7146295    0.11200000E+00
   7146296    0.12227300E+00
   7146297    0.15000000E+00
   7146298    0.15000000E+00
   7146299    0.15000000E+00
   7146300    0.12500000E+00
   7146301    0.15000000E+00
   7146302    0.15000000E+00
   7146303    0.15000000E+00
   7146304    0.15000000E+00
   7146305    0.15000000E+00
   7146306    0.11875000E+00
   7146307    0.12857100E+00
   7146308    0.12550000E+00
   7146309    0.11722200E+00
   7146310    0.10714300E+00
   7147481    0.35000000E-01
   7147482    0.35000000E-01
   7147483    0.35000000E-01
   7147484    0.10750000E+00
   7147485    0.13800000E+00
   7147486    0.15400000E+00
   7147487    0.12400000E+00
   7147488    0.11857100E+00
   7147489    0.13666700E+00
   7147490    0.10937500E+00
   7147491    0.15000000E+00
   7147492    0.13812500E+00
   7147493    0.15000000E+00
   7147494    0.13083300E+00
   7147495    0.15000000E+00
   7147496    0.15000000E+00
   7147497    0.13050000E+00
   7147498    0.13125000E+00
   7147499    0.12272700E+00
   7147500    0.10687500E+00
   7147501    0.15000000E+00
   7147502    0.15000000E+00
   7147503    0.15000000E+00
   7147504    0.15000000E+00
   7147505    0.15000000E+00
   7147506    0.15000000E+00
   7147507    0.15000000E+00
   7147508    0.15000000E+00
   7147509    0.15000000E+00
   7147510    0.15000000E+00
   7147511    0.15000000E+00
   7147512    0.15000000E+00
   7147513    0.15000000E+00
   7147514    0.14250000E+00
   7147515    0.13333300E+00
   7147516    0.15000000E+00
   7147517    0.15000000E+00
   7147518    0.12000000E+00
   7147519    0.12222200E+00
   7147520    0.11000000E+00
   7147521    0.10888900E+00
   7147522    0.10615400E+00
   7147523    0.10888900E+00
   7147524    0.10166700E+00
   7147525    0.10285700E+00
   7147526    0.10833300E+00
   7147527    0.95909000E-01
   7147528    0.10312500E+00
   7147529    0.98462000E-01
   7147530    0.15000000E+00
   7147531    0.12222200E+00
   7147532    0.15000000E+00
   7147533    0.98750000E-01
   7147534    0.15000000E+00
   7147535    0.15000000E+00
   7147536    0.15000000E+00
   7147537    0.11666700E+00
   7147538    0.13125000E+00
   7147539    0.13200000E+00
   7147540    0.10000000E+00
   7148650    0.35000000E-01
   7148651    0.35000000E-01
   7148652    0.35000000E-01
   7148653    0.10285700E+00
   7148654    0.11125000E+00
   7148655    0.14500000E+00
   7148656    0.12166700E+00
   7148657    0.14444400E+00
   7148658    0.14000000E+00
   7148659    0.14250000E+00
   7148660    0.14300000E+00
   7148661    0.15000000E+00
   7148662    0.15000000E+00
   7148663    0.15000000E+00
   7148664    0.15000000E+00
   7148665    0.15000000E+00
   7148666    0.12000000E+00
   7148667    0.10071400E+00
   7148668    0.14062500E+00
   7148669    0.11666700E+00
   7148670    0.10800000E+00
   7148671    0.15000000E+00
   7148672    0.15000000E+00
   7148673    0.15000000E+00
   7148674    0.15000000E+00
   7148675    0.15000000E+00
   7148676    0.15000000E+00
   7148677    0.15000000E+00
   7148678    0.15000000E+00
   7148679    0.15000000E+00
   7148680    0.14318200E+00
   7148681    0.13750000E+00
   7148682    0.15000000E+00
   7148683    0.15000000E+00
   7148684    0.14375000E+00
   7148685    0.14000000E+00
   7148686    0.11600000E+00
   7148687    0.11055600E+00
   7148688    0.11888900E+00
   7148689    0.87273000E-01
   7148690    0.10833300E+00
   7148691    0.86875000E-01
   7148692    0.15000000E+00
   7148693    0.11681800E+00
   7148694    0.10333300E+00
   7148695    0.15000000E+00
   7148696    0.15000000E+00
   7148697    0.15000000E+00
   7148698    0.11428600E+00
   7148699    0.12857100E+00
   7148700    0.14500000E+00
   7148701    0.10000000E+00
   7149729    0.14666700E+00
   7149730    0.14000000E+00
   7149731    0.35000000E-01
   7149732    0.35000000E-01
   7149733    0.35000000E-01
   7149734    0.35000000E-01
   7149735    0.35000000E-01
   7149736    0.96250000E-01
   7149737    0.35000000E-01
   7149738    0.35000000E-01
   7149739    0.35000000E-01
   7149740    0.13333300E+00
   7149741    0.35000000E-01
   7149742    0.35000000E-01
   7149743    0.35000000E-01
   7149744    0.12312500E+00
   7149745    0.13437500E+00
   7149746    0.14642900E+00
   7149747    0.14222200E+00
   7149748    0.15100000E+00
   7149749    0.14500000E+00
   7149750    0.14300000E+00
   7149751    0.15000000E+00
   7149752    0.15000000E+00
   7149753    0.15000000E+00
   7149754    0.15000000E+00
   7149755    0.11722200E+00
   7149756    0.15000000E+00
   7149757    0.10550000E+00
   7149758    0.12692300E+00
   7149759    0.11291700E+00
   7149760    0.13708300E+00
   7149761    0.15000000E+00
   7149762    0.14272700E+00
   7149763    0.15000000E+00
   7149764    0.15000000E+00
   7149765    0.15000000E+00
   7149766    0.11166700E+00
   7149767    0.14375000E+00
   7149768    0.12500000E+00
   7149769    0.15000000E+00
   7149770    0.15000000E+00
   7149771    0.15000000E+00
   7149772    0.15000000E+00
   7149773    0.14300000E+00
   7149774    0.13200000E+00
   7149775    0.12272700E+00
   7149776    0.94500000E-01
   7149777    0.97500000E-01
   7149778    0.14115400E+00
   7149779    0.11650000E+00
   7149780    0.12111100E+00
   7149781    0.15000000E+00
   7149782    0.15000000E+00
   7149783    0.12727300E+00
   7149784    0.13571400E+00
   7149785    0.10000000E+00
   7150745    0.35000000E-01
   7150746    0.14500000E+00
   7150747    0.14333300E+00
   7150748    0.13000000E+00
   7150749    0.13600000E+00
   7150750    0.12100000E+00
   7150751    0.12583300E+00
   7150752    0.11928600E+00
   7150753    0.14200000E+00
   7150754    0.15600000E+00
   7150755    0.15000000E+00
   7150756    0.13777800E+00
   7150757    0.13357100E+00
   7150758    0.35000000E-01
   7150759    0.35000000E-01
   7150760    0.15000000E+00
   7150761    0.15000000E+00
   7150762    0.35000000E-01
   7150763    0.35000000E-01
   7150764    0.35000000E-01
   7150765    0.16000000E+00
   7150766    0.13681800E+00
   7150767    0.14388900E+00
   7150768    0.15000000E+00
   7150769    0.15000000E+00
   7150770    0.15000000E+00
   7150771    0.15000000E+00
   7150772    0.15000000E+00
   7150773    0.15000000E+00
   7150774    0.15000000E+00
   7150775    0.13888900E+00
   7150776    0.12812500E+00
   7150777    0.15000000E+00
   7150778    0.15000000E+00
   7150779    0.13500000E+00
   7150780    0.12500000E+00
   7150781    0.15000000E+00
   7150782    0.15000000E+00
   7150783    0.12785700E+00
   7150784    0.14111100E+00
   7150785    0.13958300E+00
   7150786    0.13611100E+00
   7150787    0.11772700E+00
   7150788    0.11000000E+00
   7150789    0.13863600E+00
   7150790    0.15000000E+00
   7150791    0.14285700E+00
   7150792    0.14545500E+00
   7150793    0.15000000E+00
   7150794    0.14125000E+00
   7150795    0.11250000E+00
   7150796    0.13357100E+00
   7150797    0.12937500E+00
   7150798    0.13909100E+00
   7150799    0.12777800E+00
   7150800    0.11250000E+00
   7150801    0.10000000E+00
   7151728    0.35000000E-01
   7151729    0.35000000E-01
   7151730    0.35000000E-01
   7151731    0.35000000E-01
   7151732    0.35000000E-01
   7151733    0.15500000E+00
   7151734    0.14636400E+00
   7151735    0.13045500E+00
   7151736    0.13550000E+00
   7151737    0.13318200E+00
   7151738    0.15375000E+00
   7151739    0.15000000E+00
   7151740    0.14666700E+00
   7151741    0.15000000E+00
   7151742    0.14166700E+00
   7151743    0.13250000E+00
   7151744    0.15000000E+00
   7151745    0.15000000E+00
   7151746    0.15800000E+00
   7151747    0.14142900E+00
   7151748    0.15571400E+00
   7151749    0.15000000E+00
   7151750    0.15000000E+00
   7151751    0.15000000E+00
   7151752    0.15000000E+00
   7151753    0.15000000E+00
   7151754    0.15000000E+00
   7151755    0.14090900E+00
   7151756    0.13571400E+00
   7151757    0.13000000E+00
   7151758    0.13461500E+00
   7151759    0.13285700E+00
   7151760    0.14090900E+00
   7151761    0.15000000E+00
   7151762    0.13450000E+00
   7151763    0.11500000E+00
   7151764    0.12500000E+00
   7151765    0.10555600E+00
   7151766    0.13750000E+00
   7151767    0.15000000E+00
   7151768    0.12500000E+00
   7151769    0.13000000E+00
   7151770    0.13318200E+00
   7151771    0.13500000E+00
   7151772    0.13666700E+00
   7151773    0.10625000E+00
   7151774    0.10000000E+00
   7151775    0.10000000E+00
   7151776    0.10000000E+00
   7152696    0.35000000E-01
   7152697    0.35000000E-01
   7152698    0.16000000E+00
   7152699    0.35000000E-01
   7152700    0.35000000E-01
   7152701    0.35000000E-01
   7152702    0.35000000E-01
   7152703    0.35000000E-01
   7152704    0.15000000E+00
   7152705    0.15333300E+00
   7152706    0.15400000E+00
   7152707    0.15800000E+00
   7152708    0.15000000E+00
   7152709    0.15375000E+00
   7152710    0.15250000E+00
   7152711    0.14558800E+00
   7152712    0.15000000E+00
   7152713    0.14318200E+00
   7152714    0.15000000E+00
   7152715    0.14166700E+00
   7152716    0.15000000E+00
   7152717    0.14222200E+00
   7152718    0.15000000E+00
   7152719    0.15500000E+00
   7152720    0.14250000E+00
   7152721    0.15400000E+00
   7152722    0.15000000E+00
   7152723    0.15000000E+00
   7152724    0.15000000E+00
   7152725    0.15000000E+00
   7152726    0.15000000E+00
   7152727    0.15000000E+00
   7152728    0.15000000E+00
   7152729    0.15000000E+00
   7152730    0.13666700E+00
   7152731    0.13800000E+00
   7152732    0.15000000E+00
   7152733    0.13437500E+00
   7152734    0.10937500E+00
   7152735    0.11875000E+00
   7152736    0.15000000E+00
   7152737    0.15000000E+00
   7152738    0.12090900E+00
   7152739    0.14444400E+00
   7152740    0.13909100E+00
   7152741    0.11666700E+00
   7152742    0.10666700E+00
   7152743    0.96000000E-01
   7153645    0.35000000E-01
   7153646    0.16000000E+00
   7153647    0.13875000E+00
   7153648    0.15571400E+00
   7153649    0.15600000E+00
   7153650    0.15750000E+00
   7153651    0.15400000E+00
   7153652    0.15600000E+00
   7153653    0.15000000E+00
   7153654    0.15250000E+00
   7153655    0.15222200E+00
   7153656    0.15000000E+00
   7153657    0.15222200E+00
   7153658    0.15000000E+00
   7153659    0.14062500E+00
   7153660    0.13928600E+00
   7153661    0.13750000E+00
   7153662    0.14423100E+00
   7153663    0.15000000E+00
   7153664    0.15000000E+00
   7153665    0.15076900E+00
   7153666    0.15000000E+00
   7153667    0.15000000E+00
   7153668    0.15000000E+00
   7153669    0.15000000E+00
   7153670    0.15000000E+00
   7153671    0.15000000E+00
   7153672    0.15000000E+00
   7153673    0.15000000E+00
   7153674    0.15000000E+00
   7153675    0.13800000E+00
   7153676    0.15000000E+00
   7153677    0.15000000E+00
   7153678    0.13863600E+00
   7153679    0.15000000E+00
   7153680    0.15000000E+00
   7153681    0.13333300E+00
   7153682    0.15000000E+00
   7153683    0.12250000E+00
   7153684    0.11625000E+00
   7154537    0.35000000E-01
   7154538    0.35000000E-01
   7154539    0.35000000E-01
   7154540    0.11500000E+00
   7154541    0.35000000E-01
   7154542    0.35000000E-01
   7154543    0.35000000E-01
   7154544    0.13800000E+00
   7154545    0.15444400E+00
   7154546    0.15333300E+00
   7154547    0.15555600E+00
   7154548    0.15000000E+00
   7154549    0.15000000E+00
   7154550    0.15000000E+00
   7154551    0.15000000E+00
   7154552    0.14062500E+00
   7154553    0.15000000E+00
   7154554    0.13750000E+00
   7154555    0.15000000E+00
   7154556    0.15000000E+00
   7154557    0.15000000E+00
   7154558    0.15000000E+00
   7154559    0.15000000E+00
   7154560    0.15000000E+00
   7154561    0.15000000E+00
   7154562    0.15000000E+00
   7154563    0.15000000E+00
   7154564    0.15000000E+00
   7154565    0.15000000E+00
   7154566    0.13928600E+00
   7154567    0.13928600E+00
   7154568    0.15000000E+00
   7154569    0.14062500E+00
   7154570    0.14642900E+00
   7154571    0.14375000E+00
   7154572    0.14222200E+00
   7154573    0.13250000E+00
   7155413    0.35000000E-01
   7155414    0.35000000E-01
   7155415    0.65000000E-01
   7155416    0.68750000E-01
   7155417    0.10300000E+00
   7155418    0.11409100E+00
   7155419    0.15000000E+00
   7155420    0.13833300E+00
   7155421    0.35000000E-01
   7155422    0.13600000E+00
   7155423    0.13750000E+00
   7155424    0.15000000E+00
   7155425    0.15000000E+00
   7155426    0.15000000E+00
   7155427    0.15000000E+00
   7155428    0.15000000E+00
   7155429    0.14250000E+00
   7155430    0.14250000E+00
   7155431    0.15000000E+00
   7155432    0.15000000E+00
   7155433    0.15000000E+00
   7155434    0.15000000E+00
   7155435    0.15000000E+00
   7155436    0.15000000E+00
   7155437    0.15000000E+00
   7155438    0.15000000E+00
   7155439    0.15000000E+00
   7155440    0.15000000E+00
   7155441    0.15000000E+00
   7155442    0.14250000E+00
   7155443    0.14166700E+00
   7155444    0.14062500E+00
   7155445    0.14166700E+00
   7155446    0.15000000E+00
   7155447    0.35000000E-01
   7155448    0.35000000E-01
   7155449    0.35000000E-01
   7156282    0.35000000E-01
   7156283    0.35000000E-01
   7156284    0.16000000E+00
   7156285    0.13250000E+00
   7156286    0.10200000E+00
   7156287    0.11111100E+00
   7156288    0.13062500E+00
   7156289    0.12428600E+00
   7156290    0.12857100E+00
   7156291    0.15166700E+00
   7156292    0.11750000E+00
   7156293    0.13071400E+00
   7156294    0.15375000E+00
   7156295    0.15000000E+00
   7156296    0.15000000E+00
   7156297    0.15000000E+00
   7156298    0.15000000E+00
   7156299    0.15000000E+00
   7156300    0.15000000E+00
   7156301    0.15000000E+00
   7156302    0.15000000E+00
   7156303    0.15000000E+00
   7156304    0.15000000E+00
   7156305    0.15000000E+00
   7156306    0.15000000E+00
   7156307    0.15000000E+00
   7156308    0.14250000E+00
   7156309    0.14062500E+00
   7156310    0.13636400E+00
   7156311    0.13928600E+00
   7156312    0.15000000E+00
   7156313    0.35000000E-01
   7156314    0.35000000E-01
   7156315    0.77500000E-01
   7156316    0.73000000E-01
   7156317    0.85000000E-01
   7157153    0.35000000E-01
   7157154    0.35000000E-01
   7157155    0.35000000E-01
   7157156    0.12666700E+00
   7157157    0.16333300E+00
   7157158    0.13388900E+00
   7157159    0.10857100E+00
   7157160    0.13600000E+00
   7157161    0.12550000E+00
   7157162    0.13500000E+00
   7157163    0.13850000E+00
   7157164    0.15125000E+00
   7157165    0.15000000E+00
   7157166    0.15000000E+00
   7157167    0.15000000E+00
   7157168    0.15000000E+00
   7157169    0.15000000E+00
   7157170    0.15000000E+00
   7157171    0.15000000E+00
   7157172    0.15000000E+00
   7157173    0.15000000E+00
   7157174    0.14062500E+00
   7157175    0.13928600E+00
   7157176    0.13750000E+00
   7157177    0.13928600E+00
   7157178    0.10300000E+00
   7157179    0.99167000E-01
   7157180    0.83571000E-01
   7157181    0.85500000E-01
   7158038    0.35000000E-01
   7158039    0.35000000E-01
   7158040    0.87000000E-01
   7158041    0.71000000E-01
   7158042    0.71000000E-01
   7158043    0.14722200E+00
   7158044    0.12562500E+00
   7158045    0.11250000E+00
   7158046    0.15388900E+00
   7158047    0.13583300E+00
   7158048    0.14406300E+00
   7158049    0.15111100E+00
   7158050    0.15000000E+00
   7158051    0.15000000E+00
   7158052    0.15000000E+00
   7158053    0.15000000E+00
   7158054    0.15000000E+00
   7158055    0.15000000E+00
   7158056    0.14250000E+00
   7158057    0.14250000E+00
   7158058    0.13846200E+00
   7158059    0.14166700E+00
   7158060    0.14062500E+00
   7158061    0.10555600E+00
   7158062    0.10388900E+00
   7158063    0.85500000E-01
   7158064    0.85714000E-01
   7158920    0.35000000E-01
   7158921    0.35000000E-01
   7158922    0.35000000E-01
   7158923    0.77000000E-01
   7158924    0.10250000E+00
   7158925    0.86875000E-01
   7158926    0.94375000E-01
   7158927    0.13928600E+00
   7158928    0.12555600E+00
   7158929    0.92500000E-01
   7158930    0.14625000E+00
   7158931    0.13687500E+00
   7158932    0.15000000E+00
   7158933    0.15000000E+00
   7158934    0.15000000E+00
   7158935    0.15000000E+00
   7158936    0.15000000E+00
   7158937    0.14166700E+00
   7158938    0.14166700E+00
   7158939    0.13928600E+00
   7158940    0.15000000E+00
   7158941    0.10576900E+00
   7158942    0.10541700E+00
   7158943    0.10346200E+00
   7159827    0.35000000E-01
   7159828    0.35000000E-01
   7159829    0.35000000E-01
   7159830    0.10750000E+00
   7159831    0.35000000E-01
   7159832    0.35000000E-01
   7159833    0.10750000E+00
   7159834    0.10200000E+00
   7159835    0.10357100E+00
   7159836    0.11222200E+00
   7159837    0.10100000E+00
   7159838    0.99375000E-01
   7159839    0.14166700E+00
   7159840    0.11562500E+00
   7159841    0.15000000E+00
   7159842    0.15000000E+00
   7159843    0.15000000E+00
   7159844    0.15000000E+00
   7159845    0.15000000E+00
   7159846    0.15000000E+00
   7159847    0.13636400E+00
   7159848    0.13125000E+00
   7159849    0.13333300E+00
   7159850    0.11937500E+00
   7159851    0.12863600E+00
   7159852    0.13115400E+00
   7160725    0.65833000E-01
   7160726    0.12000000E+00
   7160727    0.90000000E-01
   7160728    0.35000000E-01
   7160729    0.10583300E+00
   7160730    0.13375000E+00
   7160731    0.13187500E+00
   7160732    0.97500000E-01
   7160733    0.10318200E+00
   7160734    0.11000000E+00
   7160735    0.11909100E+00
   7160736    0.13714300E+00
   7160737    0.15000000E+00
   7160738    0.15000000E+00
   7160739    0.15000000E+00
   7160740    0.15000000E+00
   7160741    0.14318200E+00
   7160742    0.14166700E+00
   7160743    0.14166700E+00
   7160744    0.12944400E+00
   7160745    0.14375000E+00
   7160746    0.15000000E+00
   7161585    0.35000000E-01
   7161586    0.35000000E-01
   7161587    0.91875000E-01
   7161588    0.11700000E+00
   7161589    0.11214300E+00
   7161590    0.13000000E+00
   7161591    0.10538500E+00
   7161592    0.99444000E-01
   7161593    0.12884600E+00
   7161594    0.11750000E+00
   7161595    0.15000000E+00
   7161596    0.15000000E+00
   7161597    0.15000000E+00
   7161598    0.15000000E+00
   7161599    0.14062500E+00
   7161600    0.15000000E+00
   7161601    0.15000000E+00
   7161602    0.15000000E+00
   7162414    0.35000000E-01
   7162415    0.10200000E+00
   7162416    0.11125000E+00
   7162417    0.12000000E+00
   7162418    0.11700000E+00
   7162419    0.14642900E+00
   7162420    0.14937500E+00
   7162421    0.10500000E+00
   7162422    0.12062500E+00
   7162423    0.11437500E+00
   7162424    0.13812500E+00
   7162425    0.13200000E+00
   7162426    0.15000000E+00
   7162427    0.15000000E+00
   7162428    0.15000000E+00
   7162429    0.15000000E+00
   7162430    0.15000000E+00
   7162431    0.15000000E+00
   7163249    0.35000000E-01
   7163250    0.35000000E-01
   7163251    0.13666700E+00
   7163252    0.12625000E+00
   7163253    0.12500000E+00
   7163254    0.16500000E+00
   7163255    0.15214300E+00
   7163256    0.14285700E+00
   7163257    0.12730800E+00
   7163258    0.14050000E+00
   7163259    0.12562500E+00
   7163260    0.15000000E+00
   7163261    0.15000000E+00
   7163262    0.15000000E+00
   7163263    0.15000000E+00
   7163264    0.15000000E+00
   7164086    0.13200000E+00
   7164087    0.88750000E-01
   7164088    0.35000000E-01
   7164089    0.35000000E-01
   7164090    0.12250000E+00
   7164091    0.14750000E+00
   7164092    0.15714300E+00
   7164093    0.15000000E+00
   7164094    0.14272700E+00
   7164095    0.14166700E+00
   7164096    0.13285700E+00
   7164097    0.15000000E+00
   7164098    0.15000000E+00
   7164099    0.15000000E+00
   7164948    0.98333000E-01
   7164949    0.73000000E-01
   7164950    0.73750000E-01
   7164951    0.35000000E-01
   7164952    0.13625000E+00
   7164953    0.92143000E-01
   7164954    0.14833300E+00
   7164955    0.13000000E+00
   7164956    0.12153800E+00
   7164957    0.13444400E+00
   7164958    0.15000000E+00
   7165786    0.35000000E-01
   7165787    0.80625000E-01
   7165788    0.75000000E-01
   7165789    0.35000000E-01
   7165790    0.96500000E-01
   7165791    0.11900000E+00
   7165792    0.12250000E+00
   7165793    0.12444400E+00
   7165794    0.12000000E+00
   7165795    0.14000000E+00
   7166631    0.12100000E+00
   7166632    0.87222000E-01
   7166633    0.11700000E+00
   7166634    0.35000000E-01
   7166635    0.35000000E-01
   7166636    0.11916700E+00
   7166637    0.12187500E+00
   7166638    0.11500000E+00
   7166639    0.13222200E+00
   7166640    0.13250000E+00
   7167485    0.10562500E+00
   7167486    0.14357100E+00
   7167487    0.13916700E+00
   7167488    0.35000000E-01
   7167489    0.14750000E+00
   7167490    0.13458300E+00
   7167491    0.15222200E+00
   7167492    0.14000000E+00
   7167493    0.35000000E-01
   7168320    0.14062500E+00
   7168321    0.12812500E+00
   7168322    0.15333300E+00
   7168323    0.17000000E+00
   7168324    0.15625000E+00
   7168325    0.15454500E+00
   7168326    0.15333300E+00
   7168327    0.35000000E-01
   7169105    0.14125000E+00
   7169106    0.13333300E+00
   7169107    0.17000000E+00
   7169108    0.15500000E+00
   7169109    0.14300000E+00
   7169110    0.15857100E+00
   7169111    0.16800000E+00
   7169112    0.35000000E-01
   7169838    0.14545500E+00
   7169839    0.16333300E+00
   7169840    0.15300000E+00
   7169841    0.16000000E+00
   7169842    0.16500000E+00
   7169843    0.14100000E+00
   7169844    0.35000000E-01
   7170570    0.16666700E+00
   7170571    0.16545500E+00
   7170572    0.15833300E+00
   7170573    0.14785700E+00
   7170574    0.14375000E+00
   7170575    0.35000000E-01
   7171289    0.16666700E+00
   7171290    0.14958300E+00
   7171291    0.15428600E+00
   7171292    0.14214300E+00
   7171293    0.35000000E-01
   7172007    0.16400000E+00
   7172008    0.13928600E+00
   7172009    0.13062500E+00
   7172010    0.13100000E+00
   7172011    0.35000000E-01
   7172741    0.12500000E+00
   7172742    0.11750000E+00
   7172743    0.35000000E-01
   7173451    0.11000000E+00
   7173452    0.11937500E+00
   7173453    0.35000000E-01
   7174201    0.11400000E+00
   7174202    0.35000000E-01
   7174203    0.10416700E+00
   7175019    0.11071400E+00
internal_tide_friction                                                          
           0
subgrid_barrier                                                                 
           0
