OceanMesh2D                                                                     
        1996
           2
 mannings_n_at_sea_floor                                                        
 unitless                                                                       
           1
  0.220000000E-01
 sea_surface_height_above_geoid                                                 
 m                                                                              
           1
  0.276300000E+00
sea_surface_height_above_geoid                                                  
           0
mannings_n_at_sea_floor                                                         
        1996
    407151    0.92000000E-01
    407152    0.77857000E-01
    407153    0.87000000E-01
    407154    0.90714000E-01
    407155    0.10916700E+00
    407156    0.12000000E+00
    407157    0.11666700E+00
    407158    0.74167000E-01
    407159    0.97500000E-01
    407164    0.88750000E-01
    407165    0.10000000E+00
    414561    0.95000000E-01
    414562    0.66667000E-01
    414563    0.62500000E-01
    414564    0.80000000E-01
    414566    0.89000000E-01
    414567    0.92778000E-01
    414568    0.97143000E-01
    414569    0.87500000E-01
    414570    0.93182000E-01
    414571    0.88571000E-01
    414572    0.84286000E-01
    414573    0.77857000E-01
    414574    0.67857000E-01
    414575    0.83125000E-01
    414576    0.87143000E-01
    414577    0.75000000E-01
    414582    0.10000000E+00
    414583    0.10000000E+00
    414584    0.10000000E+00
    421965    0.10000000E+00
    421966    0.10000000E+00
    421967    0.10000000E+00
    421968    0.93571000E-01
    422026    0.72000000E-01
    422027    0.74286000E-01
    422028    0.88750000E-01
    422031    0.92500000E-01
    422032    0.97500000E-01
    422033    0.83125000E-01
    422034    0.83125000E-01
    422035    0.88750000E-01
    422036    0.75556000E-01
    422037    0.74500000E-01
    422038    0.63333000E-01
    422039    0.55625000E-01
    422040    0.71000000E-01
    422041    0.71875000E-01
    422042    0.97000000E-01
    422043    0.69375000E-01
    422047    0.10000000E+00
    422048    0.10000000E+00
    422049    0.10000000E+00
    422050    0.10000000E+00
    429552    0.90714000E-01
    429553    0.87000000E-01
    429554    0.10000000E+00
    429555    0.10000000E+00
    429556    0.10000000E+00
    429557    0.10000000E+00
    429558    0.10000000E+00
    429559    0.10000000E+00
    429560    0.90000000E-01
    429561    0.78000000E-01
    429562    0.95909000E-01
    429563    0.90000000E-01
    429564    0.10000000E+00
    429565    0.10000000E+00
    429622    0.10000000E+00
    429623    0.62000000E-01
    429624    0.83636000E-01
    429629    0.71250000E-01
    429630    0.74286000E-01
    429631    0.70000000E-01
    429632    0.67857000E-01
    429633    0.87273000E-01
    429634    0.63636000E-01
    429635    0.55714000E-01
    429636    0.52143000E-01
    429637    0.65000000E-01
    429638    0.85000000E-01
    429639    0.11187500E+00
    429640    0.93750000E-01
    429641    0.98333000E-01
    429644    0.10000000E+00
    429645    0.10000000E+00
    429646    0.10000000E+00
    437124    0.84286000E-01
    437125    0.99444000E-01
    437126    0.10750000E+00
    437127    0.10000000E+00
    437128    0.10000000E+00
    437129    0.10000000E+00
    437130    0.10000000E+00
    437131    0.10000000E+00
    437132    0.88077000E-01
    437133    0.95000000E-01
    437134    0.95000000E-01
    437135    0.90000000E-01
    437136    0.10000000E+00
    437137    0.10000000E+00
    437138    0.10000000E+00
    437139    0.10000000E+00
    437140    0.10000000E+00
    437199    0.94375000E-01
    437200    0.77143000E-01
    437206    0.70000000E-01
    437207    0.60000000E-01
    437208    0.55000000E-01
    437209    0.87500000E-01
    437210    0.81667000E-01
    437211    0.66667000E-01
    437212    0.53462000E-01
    437213    0.52778000E-01
    437214    0.95714000E-01
    437215    0.10944400E+00
    437216    0.10300000E+00
    437217    0.85556000E-01
    437221    0.10000000E+00
    437222    0.10000000E+00
    437223    0.10000000E+00
    437224    0.10000000E+00
    444792    0.10187500E+00
    444793    0.11000000E+00
    444794    0.10214300E+00
    444795    0.10187500E+00
    444796    0.10000000E+00
    444797    0.10000000E+00
    444798    0.10000000E+00
    444799    0.94545000E-01
    444800    0.98125000E-01
    444801    0.94375000E-01
    444802    0.93571000E-01
    444803    0.10000000E+00
    444804    0.10000000E+00
    444805    0.10000000E+00
    444806    0.10000000E+00
    444807    0.10000000E+00
    444842    0.12888900E+00
    444845    0.13150000E+00
    444863    0.92500000E-01
    444864    0.79375000E-01
    444869    0.73750000E-01
    444870    0.50556000E-01
    444871    0.62778000E-01
    444872    0.79091000E-01
    444873    0.66250000E-01
    444874    0.66818000E-01
    444875    0.68750000E-01
    444876    0.96667000E-01
    444877    0.89000000E-01
    444878    0.10250000E+00
    444879    0.94375000E-01
    444880    0.73333000E-01
    444881    0.57222000E-01
    444882    0.50000000E-01
    444883    0.10187500E+00
    444884    0.96538000E-01
    444885    0.10000000E+00
    452546    0.12357100E+00
    452547    0.10468800E+00
    452548    0.10214300E+00
    452549    0.10187500E+00
    452550    0.10000000E+00
    452551    0.10000000E+00
    452552    0.10000000E+00
    452553    0.90625000E-01
    452554    0.98125000E-01
    452555    0.98125000E-01
    452556    0.91667000E-01
    452557    0.10000000E+00
    452558    0.97857000E-01
    452559    0.10000000E+00
    452560    0.10000000E+00
    452561    0.10000000E+00
    452562    0.10000000E+00
    452563    0.10000000E+00
    452564    0.10000000E+00
    452595    0.13000000E+00
    452596    0.13708300E+00
    452597    0.14318200E+00
    452600    0.15000000E+00
    452616    0.16500000E+00
    452617    0.85000000E-01
    452619    0.52222000E-01
    452621    0.58462000E-01
    452622    0.68889000E-01
    452623    0.69444000E-01
    452624    0.65000000E-01
    452625    0.75000000E-01
    452626    0.77857000E-01
    452627    0.74444000E-01
    452628    0.70909000E-01
    452629    0.86667000E-01
    452630    0.94375000E-01
    452631    0.87143000E-01
    452632    0.87308000E-01
    452633    0.85000000E-01
    452634    0.60625000E-01
    452635    0.71500000E-01
    452636    0.67222000E-01
    452637    0.77143000E-01
    452638    0.95500000E-01
    452639    0.94167000E-01
    460464    0.13812500E+00
    460465    0.13909100E+00
    460466    0.11277800E+00
    460467    0.12666700E+00
    460468    0.14700000E+00
    460469    0.11136400E+00
    460470    0.93571000E-01
    460471    0.10000000E+00
    460472    0.10000000E+00
    460473    0.94091000E-01
    460474    0.89286000E-01
    460475    0.97857000E-01
    460476    0.89286000E-01
    460477    0.10000000E+00
    460478    0.11222200E+00
    460479    0.92778000E-01
    460480    0.10000000E+00
    460481    0.10000000E+00
    460482    0.10000000E+00
    460483    0.97143000E-01
    460512    0.14900000E+00
    460513    0.12428600E+00
    460514    0.14428600E+00
    460515    0.11357100E+00
    460516    0.12785700E+00
    460517    0.13928600E+00
    460518    0.15000000E+00
    460520    0.12590900E+00
    460521    0.15000000E+00
    460535    0.13590900E+00
    460536    0.14444400E+00
    460537    0.10285700E+00
    460538    0.13875000E+00
    460539    0.12583300E+00
    460540    0.61364000E-01
    460541    0.57857000E-01
    460544    0.70625000E-01
    460545    0.68500000E-01
    460546    0.70625000E-01
    460547    0.64286000E-01
    460548    0.55000000E-01
    460549    0.55000000E-01
    460550    0.82857000E-01
    460551    0.74091000E-01
    460552    0.69500000E-01
    460553    0.92500000E-01
    460554    0.90625000E-01
    460555    0.10437500E+00
    460556    0.99231000E-01
    460557    0.87273000E-01
    460558    0.70000000E-01
    460559    0.52857000E-01
    460560    0.69444000E-01
    460561    0.78500000E-01
    460562    0.95417000E-01
    460563    0.82143000E-01
    468377    0.94444000E-01
    468378    0.11444400E+00
    468379    0.14777800E+00
    468380    0.14375000E+00
    468381    0.13200000E+00
    468382    0.98636000E-01
    468383    0.10857100E+00
    468384    0.14818200E+00
    468385    0.10062500E+00
    468386    0.10050000E+00
    468387    0.10000000E+00
    468388    0.93500000E-01
    468389    0.92778000E-01
    468390    0.91667000E-01
    468391    0.10000000E+00
    468392    0.95000000E-01
    468393    0.10062500E+00
    468394    0.92778000E-01
    468395    0.10000000E+00
    468396    0.10000000E+00
    468397    0.96667000E-01
    468398    0.10071400E+00
    468424    0.13636400E+00
    468425    0.11357100E+00
    468426    0.14250000E+00
    468427    0.15000000E+00
    468428    0.15000000E+00
    468429    0.12250000E+00
    468430    0.12785700E+00
    468440    0.13071400E+00
    468441    0.15833300E+00
    468442    0.12250000E+00
    468443    0.14545500E+00
    468444    0.10875000E+00
    468445    0.10437500E+00
    468446    0.10409100E+00
    468447    0.56875000E-01
    468448    0.12222200E+00
    468449    0.12187500E+00
    468450    0.88750000E-01
    468451    0.86111000E-01
    468452    0.62000000E-01
    468453    0.74286000E-01
    468454    0.83125000E-01
    468455    0.90833000E-01
    468456    0.68889000E-01
    468457    0.61429000E-01
    468458    0.66364000E-01
    468459    0.54545000E-01
    468460    0.50000000E-01
    468461    0.66429000E-01
    468462    0.55909000E-01
    468463    0.54500000E-01
    468464    0.87143000E-01
    468465    0.79375000E-01
    468466    0.95000000E-01
    468467    0.93889000E-01
    468468    0.72308000E-01
    468469    0.53333000E-01
    468470    0.65833000E-01
    468471    0.85500000E-01
    468472    0.10055600E+00
    468473    0.92500000E-01
    476290    0.11111100E+00
    476291    0.85455000E-01
    476292    0.10388900E+00
    476293    0.10772700E+00
    476294    0.13500000E+00
    476295    0.14538500E+00
    476296    0.12111100E+00
    476297    0.10961500E+00
    476298    0.12833300E+00
    476299    0.13909100E+00
    476300    0.13500000E+00
    476301    0.12785700E+00
    476302    0.12250000E+00
    476303    0.81111000E-01
    476304    0.96364000E-01
    476305    0.96364000E-01
    476306    0.87778000E-01
    476307    0.91875000E-01
    476308    0.91875000E-01
    476309    0.92500000E-01
    476310    0.90000000E-01
    476311    0.85909000E-01
    476312    0.92500000E-01
    476313    0.97500000E-01
    476314    0.10600000E+00
    476315    0.10555600E+00
    476316    0.10111100E+00
    476317    0.90000000E-01
    476324    0.89167000E-01
    476338    0.13888900E+00
    476339    0.15000000E+00
    476340    0.15000000E+00
    476341    0.15000000E+00
    476342    0.99444000E-01
    476343    0.12722200E+00
    476344    0.10150000E+00
    476352    0.54375000E-01
    476353    0.12687500E+00
    476354    0.14166700E+00
    476355    0.12944400E+00
    476356    0.15000000E+00
    476357    0.14125000E+00
    476358    0.10730800E+00
    476359    0.85556000E-01
    476360    0.12333300E+00
    476361    0.93571000E-01
    476362    0.11187500E+00
    476363    0.65000000E-01
    476364    0.82000000E-01
    476365    0.70000000E-01
    476366    0.92778000E-01
    476367    0.88750000E-01
    476368    0.71875000E-01
    476369    0.95000000E-01
    476370    0.68889000E-01
    476371    0.60625000E-01
    476372    0.86429000E-01
    476373    0.51875000E-01
    476374    0.51429000E-01
    476375    0.55000000E-01
    476376    0.61667000E-01
    476377    0.51429000E-01
    476378    0.80714000E-01
    476379    0.71875000E-01
    476380    0.10062500E+00
    476381    0.76875000E-01
    476382    0.86875000E-01
    476383    0.65625000E-01
    476384    0.50000000E-01
    476385    0.53182000E-01
    476386    0.67778000E-01
    476387    0.86250000E-01
    476388    0.93333000E-01
    476389    0.82273000E-01
    484320    0.67222000E-01
    484321    0.91667000E-01
    484322    0.66364000E-01
    484323    0.11454500E+00
    484324    0.13433300E+00
    484325    0.14375000E+00
    484326    0.12142900E+00
    484327    0.16000000E+00
    484328    0.57143000E-01
    484329    0.55000000E-01
    484330    0.16125000E+00
    484331    0.13750000E+00
    484332    0.13777800E+00
    484333    0.10909100E+00
    484334    0.73333000E-01
    484335    0.75000000E-01
    484336    0.88462000E-01
    484337    0.80000000E-01
    484338    0.10000000E+00
    484339    0.10000000E+00
    484340    0.87143000E-01
    484341    0.90625000E-01
    484342    0.72778000E-01
    484343    0.91667000E-01
    484344    0.99375000E-01
    484345    0.12045500E+00
    484346    0.98125000E-01
    484347    0.88333000E-01
    484348    0.71429000E-01
    484349    0.95833000E-01
    484350    0.88333000E-01
    484351    0.87778000E-01
    484358    0.10000000E+00
    484373    0.15000000E+00
    484374    0.12071400E+00
    484375    0.15000000E+00
    484376    0.13437500E+00
    484377    0.10000000E+00
    484378    0.11363600E+00
    484384    0.98500000E-01
    484385    0.10875000E+00
    484386    0.13000000E+00
    484387    0.11000000E+00
    484388    0.15000000E+00
    484389    0.13111100E+00
    484390    0.10566700E+00
    484391    0.13650000E+00
    484392    0.11875000E+00
    484393    0.11875000E+00
    484394    0.11500000E+00
    484395    0.80714000E-01
    484396    0.60000000E-01
    484397    0.73000000E-01
    484398    0.10000000E+00
    484399    0.90714000E-01
    484400    0.75000000E-01
    484401    0.84286000E-01
    484402    0.63636000E-01
    484403    0.62778000E-01
    484404    0.84500000E-01
    484405    0.96250000E-01
    484406    0.57143000E-01
    484407    0.56364000E-01
    484408    0.55000000E-01
    484409    0.60000000E-01
    484410    0.95000000E-01
    484411    0.61429000E-01
    484412    0.90556000E-01
    484413    0.83333000E-01
    484414    0.83750000E-01
    484415    0.52500000E-01
    484416    0.52143000E-01
    484417    0.67778000E-01
    484418    0.87857000E-01
    484419    0.80625000E-01
    484420    0.91429000E-01
    484421    0.88125000E-01
    484422    0.97222000E-01
    484423    0.94286000E-01
    484425    0.11722200E+00
    492363    0.52222000E-01
    492364    0.85000000E-01
    492365    0.51875000E-01
    492366    0.10666700E+00
    492367    0.13136400E+00
    492368    0.13291700E+00
    492369    0.13250000E+00
    492370    0.10812500E+00
    492371    0.57727000E-01
    492372    0.52778000E-01
    492373    0.54375000E-01
    492374    0.69444000E-01
    492375    0.65455000E-01
    492376    0.12863600E+00
    492377    0.11812500E+00
    492378    0.10500000E+00
    492379    0.67778000E-01
    492380    0.68125000E-01
    492381    0.77778000E-01
    492382    0.75500000E-01
    492383    0.80625000E-01
    492384    0.83636000E-01
    492385    0.88750000E-01
    492386    0.80714000E-01
    492387    0.72778000E-01
    492388    0.80625000E-01
    492389    0.99286000E-01
    492390    0.10285700E+00
    492391    0.11250000E+00
    492392    0.83750000E-01
    492393    0.88750000E-01
    492394    0.10222200E+00
    492395    0.87500000E-01
    492396    0.10000000E+00
    492401    0.10000000E+00
    492412    0.15000000E+00
    492413    0.15000000E+00
    492414    0.12833300E+00
    492415    0.12714300E+00
    492416    0.11363600E+00
    492417    0.15000000E+00
    492421    0.11916700E+00
    492422    0.13450000E+00
    492423    0.11250000E+00
    492424    0.12269200E+00
    492425    0.14166700E+00
    492426    0.13636400E+00
    492427    0.13437500E+00
    492428    0.11785700E+00
    492429    0.14666700E+00
    492430    0.14750000E+00
    492431    0.13500000E+00
    492432    0.13571400E+00
    492433    0.71875000E-01
    492434    0.77500000E-01
    492435    0.65556000E-01
    492436    0.64000000E-01
    492437    0.68571000E-01
    492438    0.10000000E+00
    492439    0.78750000E-01
    492440    0.81000000E-01
    492441    0.64286000E-01
    492442    0.91875000E-01
    492443    0.90000000E-01
    492444    0.97000000E-01
    492445    0.91250000E-01
    492446    0.87500000E-01
    492447    0.54286000E-01
    492448    0.63182000E-01
    492449    0.54375000E-01
    492450    0.77273000E-01
    492451    0.80556000E-01
    492452    0.53000000E-01
    492453    0.10571400E+00
    492454    0.55000000E-01
    492455    0.76818000E-01
    492456    0.87500000E-01
    492457    0.94286000E-01
    492458    0.10357100E+00
    492459    0.10062500E+00
    500426    0.86500000E-01
    500473    0.54286000E-01
    500474    0.55000000E-01
    500475    0.70000000E-01
    500476    0.99091000E-01
    500477    0.11800000E+00
    500478    0.12150000E+00
    500479    0.88750000E-01
    500480    0.53182000E-01
    500481    0.52778000E-01
    500482    0.62917000E-01
    500483    0.75000000E-01
    500484    0.80909000E-01
    500485    0.94286000E-01
    500486    0.10071400E+00
    500487    0.87222000E-01
    500488    0.98750000E-01
    500489    0.93125000E-01
    500490    0.87143000E-01
    500491    0.75455000E-01
    500492    0.74286000E-01
    500493    0.82222000E-01
    500494    0.90000000E-01
    500495    0.82000000E-01
    500496    0.94375000E-01
    500497    0.91667000E-01
    500498    0.87143000E-01
    500499    0.85455000E-01
    500500    0.86875000E-01
    500501    0.12250000E+00
    500502    0.11214300E+00
    500503    0.85000000E-01
    500504    0.96250000E-01
    500505    0.10000000E+00
    500508    0.10000000E+00
    500517    0.15000000E+00
    500518    0.15000000E+00
    500519    0.13050000E+00
    500520    0.12333300E+00
    500521    0.15000000E+00
    500525    0.14714300E+00
    500526    0.14400000E+00
    500527    0.13142900E+00
    500528    0.13181800E+00
    500529    0.15272700E+00
    500530    0.14777800E+00
    500531    0.13000000E+00
    500532    0.14000000E+00
    500533    0.10800000E+00
    500534    0.15166700E+00
    500535    0.73000000E-01
    500536    0.56500000E-01
    500537    0.61111000E-01
    500538    0.75556000E-01
    500539    0.57143000E-01
    500540    0.84500000E-01
    500541    0.62500000E-01
    500542    0.78077000E-01
    500543    0.10000000E+00
    500544    0.91364000E-01
    500546    0.82500000E-01
    500547    0.73750000E-01
    500548    0.68750000E-01
    500549    0.64062000E-01
    500550    0.58889000E-01
    500551    0.64375000E-01
    500552    0.65714000E-01
    500553    0.66875000E-01
    500554    0.66500000E-01
    500555    0.87500000E-01
    500556    0.84583000E-01
    500557    0.74545000E-01
    500558    0.87778000E-01
    500559    0.94286000E-01
    500560    0.80385000E-01
    508634    0.85714000E-01
    508635    0.62083000E-01
    508636    0.57500000E-01
    508637    0.59091000E-01
    508638    0.86667000E-01
    508639    0.94444000E-01
    508640    0.91111000E-01
    508641    0.90556000E-01
    508642    0.61071000E-01
    508643    0.76154000E-01
    508644    0.72143000E-01
    508645    0.70000000E-01
    508646    0.70000000E-01
    508647    0.66111000E-01
    508648    0.10700000E+00
    508649    0.84444000E-01
    508650    0.10772700E+00
    508651    0.88750000E-01
    508652    0.12312500E+00
    508653    0.12954500E+00
    508654    0.82222000E-01
    508655    0.84231000E-01
    508656    0.92222000E-01
    508657    0.88750000E-01
    508658    0.10000000E+00
    508659    0.77500000E-01
    508660    0.83750000E-01
    508661    0.89375000E-01
    508662    0.94167000E-01
    508663    0.10312500E+00
    508664    0.10192300E+00
    508665    0.10000000E+00
    508666    0.10944400E+00
    508668    0.10000000E+00
    508669    0.10000000E+00
    508676    0.15000000E+00
    508677    0.15222200E+00
    508678    0.15000000E+00
    508679    0.14363600E+00
    508680    0.15222200E+00
    508684    0.14333300E+00
    508685    0.12555600E+00
    508686    0.13800000E+00
    508687    0.15444400E+00
    508688    0.16125000E+00
    508689    0.16750000E+00
    508690    0.15111100E+00
    508691    0.15125000E+00
    508692    0.12650000E+00
    508693    0.13350000E+00
    508694    0.54286000E-01
    508695    0.52778000E-01
    508696    0.74375000E-01
    508697    0.65000000E-01
    508698    0.56667000E-01
    508699    0.83333000E-01
    508700    0.71250000E-01
    508701    0.91667000E-01
    508702    0.75000000E-01
    508703    0.86429000E-01
    508705    0.73333000E-01
    508706    0.55625000E-01
    508707    0.70000000E-01
    508708    0.66429000E-01
    508709    0.67500000E-01
    508710    0.86429000E-01
    508711    0.67500000E-01
    508712    0.67500000E-01
    508713    0.76500000E-01
    508714    0.70625000E-01
    508715    0.75417000E-01
    508716    0.68571000E-01
    508717    0.75000000E-01
    508718    0.58571000E-01
    508719    0.63750000E-01
    516945    0.93333000E-01
    516947    0.75455000E-01
    516948    0.69444000E-01
    516949    0.77083000E-01
    516950    0.91875000E-01
    516951    0.88889000E-01
    516952    0.79545000E-01
    516953    0.71818000E-01
    516954    0.90000000E-01
    516955    0.58750000E-01
    516956    0.50000000E-01
    516957    0.85000000E-01
    516958    0.88333000E-01
    516959    0.91250000E-01
    516960    0.82500000E-01
    516961    0.70909000E-01
    516962    0.61111000E-01
    516963    0.76429000E-01
    516964    0.76875000E-01
    516965    0.12050000E+00
    516966    0.97500000E-01
    516967    0.11555600E+00
    516968    0.12000000E+00
    516969    0.12272700E+00
    516970    0.12166700E+00
    516971    0.84286000E-01
    516972    0.71364000E-01
    516973    0.77143000E-01
    516974    0.87222000E-01
    516975    0.95500000E-01
    516976    0.90000000E-01
    516977    0.61429000E-01
    516978    0.52778000E-01
    516979    0.55000000E-01
    516980    0.84286000E-01
    516981    0.77857000E-01
    516982    0.93636000E-01
    516983    0.10571400E+00
    516984    0.10250000E+00
    516985    0.10909100E+00
    516986    0.10277800E+00
    516987    0.11000000E+00
    516989    0.14437500E+00
    516993    0.13909100E+00
    516994    0.14500000E+00
    516995    0.15100000E+00
    516999    0.15000000E+00
    517000    0.13857100E+00
    517001    0.13571400E+00
    517002    0.12800000E+00
    517003    0.14300000E+00
    517004    0.14187500E+00
    517005    0.15300000E+00
    517006    0.14187500E+00
    517007    0.12428600E+00
    517008    0.13687500E+00
    517009    0.12611100E+00
    517010    0.54375000E-01
    517011    0.67273000E-01
    517012    0.66429000E-01
    517013    0.67500000E-01
    517014    0.65000000E-01
    517015    0.81250000E-01
    517016    0.85625000E-01
    517017    0.59375000E-01
    517018    0.55000000E-01
    517019    0.89500000E-01
    517020    0.87143000E-01
    517021    0.62222000E-01
    517022    0.71667000E-01
    517023    0.75000000E-01
    517024    0.79167000E-01
    517025    0.76000000E-01
    517026    0.77500000E-01
    517027    0.62273000E-01
    517028    0.68750000E-01
    517029    0.90000000E-01
    517030    0.72308000E-01
    517031    0.63333000E-01
    517035    0.95455000E-01
    525289    0.98125000E-01
    525292    0.80000000E-01
    525293    0.77500000E-01
    525294    0.77500000E-01
    525295    0.90000000E-01
    525296    0.78000000E-01
    525297    0.75000000E-01
    525298    0.93636000E-01
    525299    0.10500000E+00
    525300    0.87857000E-01
    525301    0.86250000E-01
    525302    0.63462000E-01
    525303    0.55000000E-01
    525304    0.61111000E-01
    525305    0.54000000E-01
    525306    0.71667000E-01
    525307    0.66667000E-01
    525308    0.90000000E-01
    525309    0.87778000E-01
    525310    0.87778000E-01
    525311    0.85909000E-01
    525312    0.76250000E-01
    525313    0.77500000E-01
    525314    0.97500000E-01
    525315    0.10357100E+00
    525316    0.93333000E-01
    525317    0.12350000E+00
    525318    0.10954500E+00
    525319    0.13050000E+00
    525320    0.13500000E+00
    525321    0.13222200E+00
    525322    0.10333300E+00
    525323    0.10000000E+00
    525324    0.91875000E-01
    525325    0.81500000E-01
    525326    0.87857000E-01
    525327    0.94286000E-01
    525328    0.93571000E-01
    525329    0.76111000E-01
    525330    0.10000000E+00
    525331    0.83125000E-01
    525332    0.79615000E-01
    525333    0.93500000E-01
    525334    0.11428600E+00
    525335    0.10687500E+00
    525336    0.11071400E+00
    525337    0.10772700E+00
    525338    0.11857100E+00
    525340    0.12916700E+00
    525341    0.10350000E+00
    525343    0.14636400E+00
    525344    0.14888900E+00
    525347    0.10937500E+00
    525348    0.12950000E+00
    525349    0.13500000E+00
    525350    0.12950000E+00
    525351    0.12555600E+00
    525352    0.13062500E+00
    525353    0.11350000E+00
    525354    0.88571000E-01
    525355    0.12178600E+00
    525356    0.55714000E-01
    525357    0.88182000E-01
    525358    0.71111000E-01
    525359    0.52143000E-01
    525360    0.59583000E-01
    525361    0.80500000E-01
    525362    0.64444000E-01
    525363    0.50000000E-01
    525364    0.97000000E-01
    525365    0.90714000E-01
    525366    0.84444000E-01
    525367    0.71364000E-01
    525368    0.58750000E-01
    525369    0.55000000E-01
    525370    0.54286000E-01
    525371    0.53000000E-01
    525372    0.12666700E+00
    525373    0.94375000E-01
    525374    0.10785700E+00
    525375    0.12450000E+00
    525383    0.76923000E-01
    525386    0.88500000E-01
    533681    0.92857000E-01
    533682    0.79545000E-01
    533683    0.10409100E+00
    533684    0.10222200E+00
    533685    0.11444400E+00
    533686    0.66818000E-01
    533687    0.85556000E-01
    533688    0.73000000E-01
    533689    0.62222000E-01
    533690    0.99167000E-01
    533691    0.68125000E-01
    533692    0.50000000E-01
    533693    0.63750000E-01
    533694    0.61250000E-01
    533695    0.52500000E-01
    533696    0.86111000E-01
    533697    0.10888900E+00
    533698    0.84091000E-01
    533699    0.68125000E-01
    533700    0.71250000E-01
    533701    0.88125000E-01
    533702    0.81818000E-01
    533703    0.96429000E-01
    533704    0.96429000E-01
    533705    0.12062500E+00
    533706    0.99286000E-01
    533707    0.11388900E+00
    533708    0.12285700E+00
    533709    0.99375000E-01
    533710    0.10285700E+00
    533711    0.70000000E-01
    533712    0.12437500E+00
    533713    0.14222200E+00
    533714    0.11444400E+00
    533715    0.11000000E+00
    533716    0.95000000E-01
    533717    0.11166700E+00
    533718    0.10083300E+00
    533719    0.10125000E+00
    533720    0.11038500E+00
    533721    0.14357100E+00
    533722    0.75000000E-01
    533723    0.87778000E-01
    533724    0.85556000E-01
    533725    0.10300000E+00
    533726    0.10100000E+00
    533727    0.10833300E+00
    533728    0.93571000E-01
    533729    0.99444000E-01
    533731    0.10928600E+00
    533732    0.96111000E-01
    533733    0.12916700E+00
    533734    0.68000000E-01
    533736    0.10900000E+00
    533737    0.99231000E-01
    533738    0.12111100E+00
    533739    0.96667000E-01
    533740    0.10777800E+00
    533741    0.88750000E-01
    533742    0.96429000E-01
    533743    0.87500000E-01
    533744    0.82500000E-01
    533745    0.55455000E-01
    533746    0.63889000E-01
    533747    0.65714000E-01
    533748    0.62857000E-01
    533749    0.80625000E-01
    533750    0.82500000E-01
    533751    0.62500000E-01
    533752    0.71111000E-01
    533753    0.93571000E-01
    533754    0.83889000E-01
    533755    0.80714000E-01
    533756    0.86250000E-01
    533757    0.60385000E-01
    533758    0.69286000E-01
    533759    0.64286000E-01
    533760    0.58750000E-01
    533761    0.58500000E-01
    533762    0.11611100E+00
    533763    0.13136400E+00
    533764    0.12071400E+00
    533765    0.13571400E+00
    533766    0.10500000E+00
    533767    0.12500000E+00
    533778    0.64444000E-01
    533779    0.76818000E-01
    533780    0.72857000E-01
    533785    0.90000000E-01
    542041    0.87222000E-01
    542042    0.11150000E+00
    542043    0.74286000E-01
    542044    0.10875000E+00
    542045    0.13000000E+00
    542047    0.10541700E+00
    542048    0.70417000E-01
    542049    0.65000000E-01
    542050    0.90000000E-01
    542051    0.12187500E+00
    542052    0.10000000E+00
    542053    0.65455000E-01
    542054    0.10363600E+00
    542055    0.65000000E-01
    542056    0.56500000E-01
    542057    0.67000000E-01
    542058    0.93889000E-01
    542059    0.88333000E-01
    542060    0.50000000E-01
    542061    0.52778000E-01
    542062    0.52143000E-01
    542063    0.11250000E+00
    542064    0.98750000E-01
    542065    0.86429000E-01
    542066    0.11285700E+00
    542067    0.93182000E-01
    542068    0.98750000E-01
    542069    0.11722200E+00
    542070    0.13111100E+00
    542071    0.88333000E-01
    542072    0.10750000E+00
    542073    0.10937500E+00
    542074    0.11142900E+00
    542075    0.12083300E+00
    542076    0.12071400E+00
    542077    0.11687500E+00
    542078    0.10333300E+00
    542079    0.12142900E+00
    542080    0.90000000E-01
    542081    0.90385000E-01
    542082    0.14050000E+00
    542083    0.12166700E+00
    542084    0.92500000E-01
    542085    0.10083300E+00
    542086    0.11500000E+00
    542087    0.12833300E+00
    542088    0.13388900E+00
    542089    0.10000000E+00
    542090    0.97222000E-01
    542091    0.93929000E-01
    542092    0.10000000E+00
    542093    0.10500000E+00
    542094    0.10166700E+00
    542095    0.84615000E-01
    542096    0.67857000E-01
    542097    0.91818000E-01
    542098    0.97500000E-01
    542099    0.70625000E-01
    542100    0.72857000E-01
    542101    0.55000000E-01
    542102    0.10692300E+00
    542103    0.78333000E-01
    542104    0.85000000E-01
    542105    0.76250000E-01
    542106    0.12230800E+00
    542107    0.10571400E+00
    542108    0.93889000E-01
    542109    0.56667000E-01
    542110    0.62857000E-01
    542111    0.79286000E-01
    542112    0.76250000E-01
    542113    0.66364000E-01
    542114    0.70000000E-01
    542115    0.69000000E-01
    542116    0.77222000E-01
    542117    0.75000000E-01
    542118    0.73333000E-01
    542119    0.70000000E-01
    542120    0.68571000E-01
    542121    0.69444000E-01
    542122    0.70556000E-01
    542123    0.71250000E-01
    542124    0.82778000E-01
    542125    0.96000000E-01
    542126    0.10444400E+00
    542127    0.99286000E-01
    542128    0.10166700E+00
    542129    0.11450000E+00
    542130    0.12857100E+00
    542131    0.12000000E+00
    542145    0.81250000E-01
    542146    0.72500000E-01
    542147    0.67083000E-01
    542148    0.84375000E-01
    542149    0.75000000E-01
    542150    0.86000000E-01
    542151    0.90714000E-01
    542159    0.89583000E-01
    550425    0.12000000E+00
    550426    0.10333300E+00
    550427    0.12100000E+00
    550429    0.98636000E-01
    550430    0.74375000E-01
    550431    0.12409100E+00
    550432    0.88182000E-01
    550433    0.12562500E+00
    550434    0.94500000E-01
    550435    0.14062500E+00
    550436    0.10555600E+00
    550437    0.88636000E-01
    550438    0.91500000E-01
    550441    0.10555600E+00
    550442    0.87000000E-01
    550443    0.66875000E-01
    550444    0.63333000E-01
    550445    0.67727000E-01
    550446    0.62778000E-01
    550447    0.68333000E-01
    550448    0.65000000E-01
    550449    0.60000000E-01
    550450    0.10944400E+00
    550451    0.10833300E+00
    550452    0.76500000E-01
    550453    0.55833000E-01
    550454    0.12857100E+00
    550455    0.12571400E+00
    550456    0.10045500E+00
    550457    0.10416700E+00
    550458    0.11250000E+00
    550459    0.11666700E+00
    550460    0.14100000E+00
    550461    0.12428600E+00
    550462    0.80000000E-01
    550463    0.11333300E+00
    550464    0.98125000E-01
    550465    0.11681800E+00
    550466    0.13250000E+00
    550467    0.13785700E+00
    550468    0.11550000E+00
    550469    0.15687500E+00
    550470    0.13000000E+00
    550471    0.10812500E+00
    550472    0.97273000E-01
    550473    0.10437500E+00
    550474    0.13687500E+00
    550475    0.13666700E+00
    550476    0.10750000E+00
    550477    0.11555600E+00
    550478    0.12050000E+00
    550479    0.10000000E+00
    550480    0.89286000E-01
    550481    0.97778000E-01
    550482    0.97778000E-01
    550483    0.10000000E+00
    550484    0.10000000E+00
    550485    0.10312500E+00
    550486    0.97143000E-01
    550487    0.71000000E-01
    550488    0.77857000E-01
    550489    0.65000000E-01
    550490    0.76667000E-01
    550491    0.79000000E-01
    550492    0.66500000E-01
    550493    0.13222200E+00
    550494    0.10350000E+00
    550495    0.76364000E-01
    550496    0.92143000E-01
    550497    0.12500000E+00
    550498    0.12187500E+00
    550499    0.74286000E-01
    550500    0.72188000E-01
    550501    0.70000000E-01
    550502    0.76429000E-01
    550503    0.79000000E-01
    550504    0.70000000E-01
    550505    0.71250000E-01
    550506    0.68182000E-01
    550507    0.68125000E-01
    550508    0.65000000E-01
    550509    0.71667000E-01
    550510    0.71667000E-01
    550511    0.80000000E-01
    550512    0.64583000E-01
    550513    0.94000000E-01
    550514    0.86500000E-01
    550515    0.86667000E-01
    550516    0.11187500E+00
    550517    0.12500000E+00
    550518    0.10000000E+00
    550519    0.86667000E-01
    550520    0.11227300E+00
    550521    0.11909100E+00
    550522    0.95714000E-01
    550523    0.10000000E+00
    550539    0.85000000E-01
    550540    0.10857100E+00
    550541    0.75000000E-01
    550542    0.69375000E-01
    550543    0.75000000E-01
    550544    0.92778000E-01
    550545    0.10500000E+00
    550546    0.11625000E+00
    550557    0.95000000E-01
    558864    0.12884600E+00
    558865    0.13857100E+00
    558866    0.13125000E+00
    558868    0.12166700E+00
    558872    0.63889000E-01
    558873    0.13909100E+00
    558874    0.11916700E+00
    558875    0.66111000E-01
    558876    0.10944400E+00
    558877    0.97857000E-01
    558878    0.81429000E-01
    558879    0.70714000E-01
    558882    0.98750000E-01
    558883    0.94444000E-01
    558884    0.95000000E-01
    558886    0.54375000E-01
    558887    0.50000000E-01
    558888    0.52222000E-01
    558889    0.63889000E-01
    558890    0.68125000E-01
    558891    0.76875000E-01
    558892    0.55625000E-01
    558893    0.78889000E-01
    558894    0.10388900E+00
    558895    0.85000000E-01
    558896    0.75500000E-01
    558897    0.70000000E-01
    558898    0.11611100E+00
    558899    0.11500000E+00
    558900    0.10285700E+00
    558901    0.13416700E+00
    558902    0.10950000E+00
    558903    0.11000000E+00
    558904    0.11850000E+00
    558905    0.14444400E+00
    558906    0.97222000E-01
    558907    0.11071400E+00
    558908    0.87857000E-01
    558909    0.97857000E-01
    558916    0.13200000E+00
    558917    0.18000000E+00
    558918    0.13857100E+00
    558919    0.18000000E+00
    558920    0.12000000E+00
    558921    0.97857000E-01
    558922    0.11812500E+00
    558923    0.10714300E+00
    558924    0.13350000E+00
    558925    0.13611100E+00
    558926    0.10535700E+00
    558927    0.10000000E+00
    558928    0.81667000E-01
    558929    0.92500000E-01
    558930    0.94375000E-01
    558931    0.10000000E+00
    558932    0.95000000E-01
    558933    0.95000000E-01
    558934    0.94583000E-01
    558935    0.77857000E-01
    558936    0.96667000E-01
    558937    0.80000000E-01
    558938    0.69500000E-01
    558939    0.81818000E-01
    558940    0.11722200E+00
    558941    0.12142900E+00
    558942    0.13388900E+00
    558943    0.96000000E-01
    558944    0.12285700E+00
    558945    0.14500000E+00
    558946    0.84583000E-01
    558947    0.64375000E-01
    558948    0.54500000E-01
    558949    0.58571000E-01
    558950    0.69500000E-01
    558951    0.58182000E-01
    558952    0.59167000E-01
    558953    0.76111000E-01
    558954    0.63571000E-01
    558955    0.85000000E-01
    558956    0.87143000E-01
    558957    0.76111000E-01
    558958    0.90000000E-01
    558959    0.70000000E-01
    558960    0.11111100E+00
    558961    0.11500000E+00
    558962    0.12444400E+00
    558963    0.84333000E-01
    558964    0.11272700E+00
    558965    0.89643000E-01
    558966    0.88000000E-01
    558967    0.10333300E+00
    558968    0.11000000E+00
    558987    0.70000000E-01
    558988    0.86667000E-01
    558989    0.10875000E+00
    558990    0.11857100E+00
    558991    0.81429000E-01
    558992    0.89375000E-01
    558993    0.77500000E-01
    558994    0.78077000E-01
    558995    0.88667000E-01
    558996    0.90000000E-01
    567413    0.15611100E+00
    567414    0.15357100E+00
    567416    0.14833300E+00
    567424    0.13115400E+00
    567425    0.82000000E-01
    567429    0.11312500E+00
    567430    0.91875000E-01
    567431    0.70556000E-01
    567433    0.96364000E-01
    567434    0.11928600E+00
    567435    0.13666700E+00
    567436    0.67143000E-01
    567438    0.50625000E-01
    567439    0.57000000E-01
    567440    0.50000000E-01
    567441    0.73571000E-01
    567442    0.76250000E-01
    567443    0.81875000E-01
    567444    0.81667000E-01
    567445    0.96250000E-01
    567446    0.80625000E-01
    567447    0.88750000E-01
    567448    0.10035700E+00
    567449    0.80833000E-01
    567450    0.12500000E+00
    567451    0.13166700E+00
    567452    0.12562500E+00
    567453    0.10166700E+00
    567454    0.14625000E+00
    567455    0.13916700E+00
    567456    0.11750000E+00
    567457    0.12785700E+00
    567458    0.13000000E+00
    567459    0.13214300E+00
    567460    0.10318200E+00
    567461    0.98333000E-01
    567462    0.11500000E+00
    567463    0.11291700E+00
    567464    0.10400000E+00
    567472    0.15500000E+00
    567473    0.17857100E+00
    567474    0.15950000E+00
    567475    0.12833300E+00
    567476    0.12888900E+00
    567477    0.12928600E+00
    567478    0.13722200E+00
    567479    0.14277800E+00
    567480    0.10000000E+00
    567481    0.10000000E+00
    567482    0.76000000E-01
    567483    0.90000000E-01
    567484    0.10777800E+00
    567485    0.10062500E+00
    567486    0.10555600E+00
    567487    0.91250000E-01
    567488    0.86667000E-01
    567489    0.86875000E-01
    567490    0.10363600E+00
    567491    0.93500000E-01
    567492    0.98000000E-01
    567493    0.87222000E-01
    567494    0.12055600E+00
    567495    0.12285700E+00
    567496    0.10142900E+00
    567497    0.10307700E+00
    567498    0.75556000E-01
    567499    0.70000000E-01
    567500    0.59167000E-01
    567501    0.67222000E-01
    567502    0.71429000E-01
    567503    0.82500000E-01
    567504    0.91429000E-01
    567505    0.83333000E-01
    567506    0.70455000E-01
    567507    0.74286000E-01
    567508    0.66667000E-01
    567509    0.88500000E-01
    567510    0.72727000E-01
    567511    0.96500000E-01
    567512    0.10142900E+00
    567513    0.10300000E+00
    567514    0.79444000E-01
    567515    0.93125000E-01
    567516    0.77222000E-01
    567517    0.92500000E-01
    567518    0.87143000E-01
    567519    0.92500000E-01
    567520    0.11333300E+00
    567546    0.70455000E-01
    567547    0.66111000E-01
    567548    0.95000000E-01
    567549    0.11625000E+00
    567550    0.89500000E-01
    567551    0.84444000E-01
    567552    0.87273000E-01
    567553    0.78000000E-01
    567554    0.78889000E-01
    567556    0.76875000E-01
    567557    0.70000000E-01
    567558    0.84375000E-01
    567559    0.70625000E-01
    576110    0.16714300E+00
    576113    0.12000000E+00
    576121    0.98889000E-01
    576123    0.76667000E-01
    576127    0.88125000E-01
    576128    0.80556000E-01
    576129    0.63750000E-01
    576131    0.65000000E-01
    576132    0.91364000E-01
    576133    0.10000000E+00
    576134    0.70455000E-01
    576135    0.73182000E-01
    576136    0.61250000E-01
    576137    0.75000000E-01
    576138    0.90714000E-01
    576139    0.83125000E-01
    576140    0.87500000E-01
    576141    0.85000000E-01
    576142    0.97857000E-01
    576143    0.91250000E-01
    576144    0.77500000E-01
    576145    0.92500000E-01
    576146    0.11650000E+00
    576147    0.13722200E+00
    576148    0.11388900E+00
    576149    0.12857100E+00
    576150    0.13642900E+00
    576151    0.11954500E+00
    576152    0.11611100E+00
    576153    0.11388900E+00
    576154    0.95714000E-01
    576155    0.96111000E-01
    576156    0.95625000E-01
    576157    0.11625000E+00
    576158    0.10375000E+00
    576166    0.13944400E+00
    576167    0.14550000E+00
    576168    0.13777800E+00
    576169    0.14500000E+00
    576170    0.14062500E+00
    576171    0.12888900E+00
    576172    0.13000000E+00
    576173    0.84583000E-01
    576174    0.97000000E-01
    576175    0.83500000E-01
    576176    0.11950000E+00
    576177    0.11833300E+00
    576178    0.10400000E+00
    576179    0.11000000E+00
    576180    0.86429000E-01
    576181    0.96250000E-01
    576182    0.85500000E-01
    576183    0.10000000E+00
    576184    0.90625000E-01
    576185    0.90556000E-01
    576186    0.10000000E+00
    576187    0.10050000E+00
    576188    0.86429000E-01
    576189    0.73333000E-01
    576190    0.79500000E-01
    576192    0.70556000E-01
    576193    0.68750000E-01
    576194    0.86250000E-01
    576195    0.11187500E+00
    576196    0.10750000E+00
    576197    0.68125000E-01
    576198    0.79091000E-01
    576199    0.71667000E-01
    576200    0.79444000E-01
    576201    0.88125000E-01
    576202    0.60625000E-01
    576203    0.67857000E-01
    576204    0.86111000E-01
    576205    0.84167000E-01
    576206    0.77143000E-01
    576207    0.88500000E-01
    576208    0.80714000E-01
    576209    0.80357000E-01
    576210    0.78750000E-01
    576211    0.77143000E-01
    576212    0.99375000E-01
    576213    0.71250000E-01
    576214    0.87778000E-01
    576241    0.62000000E-01
    576242    0.80556000E-01
    576243    0.86000000E-01
    576244    0.81875000E-01
    576245    0.83182000E-01
    576246    0.84444000E-01
    576247    0.78889000E-01
    576248    0.70000000E-01
    576249    0.77273000E-01
    576252    0.70000000E-01
    576253    0.83333000E-01
    576254    0.72500000E-01
    576255    0.59500000E-01
    576256    0.96875000E-01
    584966    0.11357100E+00
    584990    0.81667000E-01
    584991    0.56429000E-01
    584992    0.69545000E-01
    584993    0.60500000E-01
    584996    0.97500000E-01
    584997    0.59375000E-01
    584998    0.10357100E+00
    584999    0.72857000E-01
    585000    0.85625000E-01
    585001    0.90000000E-01
    585002    0.10100000E+00
    585003    0.94500000E-01
    585004    0.92000000E-01
    585005    0.92222000E-01
    585006    0.89286000E-01
    585007    0.81667000E-01
    585008    0.75714000E-01
    585009    0.10000000E+00
    585010    0.10850000E+00
    585011    0.13700000E+00
    585012    0.11500000E+00
    585013    0.13625000E+00
    585014    0.10928600E+00
    585015    0.11166700E+00
    585016    0.92000000E-01
    585017    0.10500000E+00
    585018    0.66429000E-01
    585019    0.11900000E+00
    585020    0.83125000E-01
    585027    0.12500000E+00
    585028    0.13909100E+00
    585029    0.12722200E+00
    585030    0.13125000E+00
    585031    0.13800000E+00
    585032    0.12777800E+00
    585033    0.88000000E-01
    585034    0.95714000E-01
    585035    0.12666700E+00
    585036    0.11277800E+00
    585037    0.95625000E-01
    585038    0.10187500E+00
    585039    0.85000000E-01
    585040    0.72500000E-01
    585041    0.72500000E-01
    585042    0.81667000E-01
    585043    0.62500000E-01
    585044    0.10300000E+00
    585045    0.86000000E-01
    585047    0.81875000E-01
    585048    0.73125000E-01
    585050    0.55000000E-01
    585051    0.93750000E-01
    585052    0.91875000E-01
    585053    0.89545000E-01
    585054    0.66667000E-01
    585055    0.76875000E-01
    585056    0.73750000E-01
    585057    0.73571000E-01
    585058    0.80714000E-01
    585059    0.84286000E-01
    585060    0.75714000E-01
    585061    0.78000000E-01
    585062    0.77500000E-01
    585063    0.85000000E-01
    585064    0.76875000E-01
    585065    0.75714000E-01
    585066    0.79375000E-01
    585067    0.10222200E+00
    585071    0.78000000E-01
    585072    0.70000000E-01
    585073    0.74583000E-01
    585074    0.69444000E-01
    585075    0.57857000E-01
    585076    0.76429000E-01
    585077    0.70625000E-01
    585106    0.72273000E-01
    585107    0.83125000E-01
    585108    0.65625000E-01
    585109    0.70000000E-01
    585110    0.87500000E-01
    585111    0.96667000E-01
    585112    0.94000000E-01
    585113    0.10857100E+00
    585114    0.10875000E+00
    585115    0.12000000E+00
    585117    0.10055600E+00
    585118    0.85625000E-01
    585119    0.71875000E-01
    585120    0.77857000E-01
    585121    0.96429000E-01
    594026    0.10000000E+00
    594027    0.71875000E-01
    594028    0.73889000E-01
    594029    0.66250000E-01
    594030    0.83125000E-01
    594032    0.13000000E+00
    594033    0.91818000E-01
    594034    0.78333000E-01
    594035    0.11272700E+00
    594036    0.11625000E+00
    594037    0.10192300E+00
    594038    0.11875000E+00
    594039    0.64000000E-01
    594040    0.74545000E-01
    594041    0.10000000E+00
    594042    0.67222000E-01
    594043    0.86154000E-01
    594044    0.11636400E+00
    594045    0.11583300E+00
    594046    0.13428600E+00
    594047    0.11681800E+00
    594048    0.68571000E-01
    594049    0.84000000E-01
    594050    0.93333000E-01
    594051    0.90625000E-01
    594057    0.11062500E+00
    594058    0.11100000E+00
    594059    0.13555600E+00
    594060    0.13535700E+00
    594061    0.85000000E-01
    594062    0.92500000E-01
    594063    0.10583300E+00
    594064    0.13500000E+00
    594065    0.98889000E-01
    594066    0.93182000E-01
    594067    0.81875000E-01
    594068    0.81250000E-01
    594069    0.79545000E-01
    594070    0.76071000E-01
    594071    0.69375000E-01
    594074    0.99500000E-01
    594075    0.10450000E+00
    594078    0.75000000E-01
    594079    0.79375000E-01
    594080    0.52500000E-01
    594081    0.57000000E-01
    594082    0.97143000E-01
    594083    0.70769000E-01
    594084    0.67857000E-01
    594085    0.11083300E+00
    594086    0.88500000E-01
    594087    0.90000000E-01
    594088    0.83125000E-01
    594089    0.81250000E-01
    594090    0.75556000E-01
    594091    0.83636000E-01
    594092    0.98889000E-01
    594098    0.70000000E-01
    594099    0.79000000E-01
    594100    0.61000000E-01
    594101    0.53750000E-01
    594102    0.64375000E-01
    594103    0.65000000E-01
    594104    0.76111000E-01
    594136    0.88125000E-01
    594137    0.10312500E+00
    594138    0.98125000E-01
    594139    0.93125000E-01
    594140    0.11000000E+00
    594141    0.11900000E+00
    594142    0.12000000E+00
    594143    0.12857100E+00
    594144    0.11187500E+00
    594147    0.10400000E+00
    594148    0.93889000E-01
    594149    0.10437500E+00
    603078    0.99375000E-01
    603079    0.89286000E-01
    603080    0.63333000E-01
    603081    0.82917000E-01
    603082    0.14000000E+00
    603083    0.11100000E+00
    603084    0.82778000E-01
    603085    0.96250000E-01
    603086    0.11928600E+00
    603087    0.11900000E+00
    603088    0.12000000E+00
    603089    0.11833300E+00
    603090    0.10900000E+00
    603091    0.62778000E-01
    603092    0.74167000E-01
    603093    0.88889000E-01
    603094    0.85000000E-01
    603095    0.10100000E+00
    603096    0.81667000E-01
    603097    0.11375000E+00
    603098    0.10611100E+00
    603099    0.11928600E+00
    603100    0.99500000E-01
    603101    0.12500000E+00
    603102    0.10000000E+00
    603107    0.11333300E+00
    603108    0.13062500E+00
    603109    0.14833300E+00
    603110    0.87778000E-01
    603111    0.90625000E-01
    603112    0.94375000E-01
    603113    0.10333300E+00
    603114    0.12333300E+00
    603115    0.75000000E-01
    603116    0.88750000E-01
    603117    0.79375000E-01
    603118    0.71875000E-01
    603119    0.90625000E-01
    603120    0.81818000E-01
    603121    0.71429000E-01
    603124    0.11357100E+00
    603125    0.11650000E+00
    603127    0.63889000E-01
    603128    0.74286000E-01
    603129    0.60000000E-01
    603130    0.89286000E-01
    603131    0.68500000E-01
    603132    0.10500000E+00
    603133    0.85556000E-01
    603134    0.86500000E-01
    603137    0.81667000E-01
    603138    0.76250000E-01
    603139    0.75556000E-01
    603140    0.83889000E-01
    603141    0.70000000E-01
    603142    0.88889000E-01
    603150    0.75000000E-01
    603151    0.79545000E-01
    603152    0.82500000E-01
    603153    0.70000000E-01
    603154    0.83333000E-01
    603155    0.90556000E-01
    603156    0.11071400E+00
    603157    0.73500000E-01
    603189    0.11857100E+00
    603190    0.93333000E-01
    603191    0.93889000E-01
    603192    0.11333300E+00
    603193    0.12625000E+00
    603194    0.12571400E+00
    603195    0.11450000E+00
    603197    0.11150000E+00
    603198    0.97500000E-01
    603199    0.10500000E+00
    612217    0.90000000E-01
    612218    0.89167000E-01
    612219    0.80714000E-01
    612220    0.11687500E+00
    612221    0.85000000E-01
    612222    0.76667000E-01
    612223    0.11500000E+00
    612224    0.98500000E-01
    612225    0.10944400E+00
    612226    0.11125000E+00
    612227    0.10937500E+00
    612228    0.78000000E-01
    612229    0.99444000E-01
    612230    0.10875000E+00
    612231    0.12722200E+00
    612232    0.91000000E-01
    612233    0.11850000E+00
    612234    0.97500000E-01
    612235    0.12062500E+00
    612238    0.11300000E+00
    612239    0.11625000E+00
    612240    0.96250000E-01
    612241    0.10000000E+00
    612242    0.80000000E-01
    612243    0.78333000E-01
    612244    0.80625000E-01
    612245    0.10187500E+00
    612246    0.90769000E-01
    612247    0.87143000E-01
    612248    0.77727000E-01
    612249    0.66667000E-01
    612250    0.75500000E-01
    612251    0.75000000E-01
    612256    0.11312500E+00
    612257    0.12444400E+00
    612259    0.89500000E-01
    612260    0.89583000E-01
    612261    0.11666700E+00
    612262    0.85000000E-01
    612263    0.10250000E+00
    612264    0.92500000E-01
    612268    0.72222000E-01
    612269    0.71875000E-01
    612270    0.83889000E-01
    612271    0.81250000E-01
    612281    0.87500000E-01
    612282    0.83750000E-01
    612283    0.74375000E-01
    612284    0.83750000E-01
    612285    0.85000000E-01
    612286    0.92778000E-01
    612287    0.86111000E-01
    612288    0.86667000E-01
    612289    0.83750000E-01
    612290    0.75556000E-01
    612291    0.74444000E-01
    612292    0.75714000E-01
    612324    0.10300000E+00
    612325    0.10136400E+00
    612326    0.11611100E+00
    612327    0.11300000E+00
    612328    0.10875000E+00
    612329    0.10000000E+00
    612330    0.10277800E+00
    612331    0.10555600E+00
    612332    0.10000000E+00
    621448    0.99444000E-01
    621449    0.75625000E-01
    621450    0.83125000E-01
    621451    0.86000000E-01
    621452    0.65625000E-01
    621453    0.79167000E-01
    621454    0.10111100E+00
    621455    0.92273000E-01
    621456    0.10166700E+00
    621457    0.93750000E-01
    621458    0.91667000E-01
    621459    0.86111000E-01
    621460    0.12250000E+00
    621461    0.10562500E+00
    621462    0.88571000E-01
    621463    0.11700000E+00
    621465    0.10055600E+00
    621466    0.92500000E-01
    621467    0.94375000E-01
    621468    0.84375000E-01
    621469    0.71429000E-01
    621470    0.77500000E-01
    621471    0.77500000E-01
    621472    0.66667000E-01
    621473    0.82857000E-01
    621474    0.89500000E-01
    621475    0.78750000E-01
    621476    0.76818000E-01
    621477    0.82857000E-01
    621483    0.11428600E+00
    621484    0.11714300E+00
    621486    0.11800000E+00
    621487    0.11590900E+00
    621489    0.10000000E+00
    621490    0.11000000E+00
    621491    0.10000000E+00
    621495    0.88750000E-01
    621496    0.88750000E-01
    621507    0.87500000E-01
    621508    0.10500000E+00
    621509    0.85000000E-01
    621510    0.90500000E-01
    621511    0.97778000E-01
    621512    0.90000000E-01
    621513    0.61429000E-01
    621514    0.97143000E-01
    621515    0.69444000E-01
    621516    0.71250000E-01
    621517    0.83333000E-01
    621518    0.87143000E-01
    621519    0.92778000E-01
    621551    0.10400000E+00
    621552    0.85909000E-01
    621553    0.10450000E+00
    621554    0.99444000E-01
    621555    0.10000000E+00
    621556    0.10000000E+00
    621557    0.92222000E-01
    621558    0.11857100E+00
    630712    0.84500000E-01
    630713    0.76538000E-01
    630714    0.74444000E-01
    630715    0.87500000E-01
    630716    0.87692000E-01
    630717    0.95000000E-01
    630718    0.86500000E-01
    630719    0.88636000E-01
    630720    0.10100000E+00
    630721    0.98333000E-01
    630722    0.80556000E-01
    630723    0.88571000E-01
    630725    0.10000000E+00
    630726    0.87083000E-01
    630727    0.80000000E-01
    630728    0.65556000E-01
    630729    0.81667000E-01
    630730    0.75000000E-01
    630731    0.86429000E-01
    630732    0.93182000E-01
    630733    0.84444000E-01
    630734    0.86667000E-01
    630740    0.10192300E+00
    630742    0.93750000E-01
    630744    0.81250000E-01
    630745    0.73636000E-01
    630752    0.84091000E-01
    630762    0.82857000E-01
    630764    0.95000000E-01
    630765    0.88125000E-01
    630766    0.95000000E-01
    630767    0.10277800E+00
    630768    0.87857000E-01
    630769    0.76000000E-01
    630770    0.85625000E-01
    630771    0.70556000E-01
    630772    0.90556000E-01
    630773    0.82500000E-01
    630774    0.81429000E-01
    630775    0.91875000E-01
    630806    0.10500000E+00
    630807    0.10357100E+00
    630808    0.93750000E-01
    630809    0.10954500E+00
    630810    0.10000000E+00
    630811    0.12166700E+00
    630814    0.11384600E+00
    639973    0.93500000E-01
    639974    0.86667000E-01
    639975    0.10000000E+00
    639976    0.89000000E-01
    639977    0.93500000E-01
    639978    0.96000000E-01
    639979    0.77692000E-01
    639980    0.91250000E-01
    639981    0.89583000E-01
    639982    0.10071400E+00
    639983    0.10000000E+00
    639984    0.77500000E-01
    639985    0.75000000E-01
    639986    0.81250000E-01
    639987    0.82692000E-01
    639988    0.86500000E-01
    639989    0.94375000E-01
    639990    0.93571000E-01
    639991    0.10000000E+00
    639996    0.71000000E-01
    640000    0.73636000E-01
    640001    0.72917000E-01
    640017    0.86500000E-01
    640020    0.92273000E-01
    640021    0.91250000E-01
    640022    0.86250000E-01
    640023    0.83889000E-01
    640024    0.77857000E-01
    640025    0.11062500E+00
    640026    0.98750000E-01
    640027    0.95500000E-01
    640028    0.85500000E-01
    640056    0.11500000E+00
    640057    0.87000000E-01
    640058    0.10875000E+00
    640060    0.10000000E+00
    649305    0.10000000E+00
    649306    0.10000000E+00
    649307    0.10000000E+00
    649308    0.95000000E-01
    649309    0.10000000E+00
    649310    0.82000000E-01
    649312    0.10000000E+00
    649313    0.10000000E+00
    649314    0.91000000E-01
    649315    0.82500000E-01
    649316    0.86250000E-01
    649317    0.10000000E+00
    649318    0.10000000E+00
    649319    0.10000000E+00
    649320    0.10000000E+00
    649329    0.90000000E-01
    649349    0.85833000E-01
    649350    0.80714000E-01
    649351    0.68889000E-01
    649352    0.86250000E-01
    649353    0.80000000E-01
    649354    0.85000000E-01
    649355    0.10062500E+00
    649356    0.98571000E-01
    649357    0.68500000E-01
    649383    0.10555600E+00
    649384    0.10222200E+00
    649385    0.96333000E-01
    649386    0.90500000E-01
    658736    0.10000000E+00
    658737    0.10000000E+00
    658738    0.10000000E+00
    658739    0.10000000E+00
    658741    0.10000000E+00
    658742    0.10000000E+00
    658743    0.10000000E+00
    658744    0.94545000E-01
    658745    0.10000000E+00
    658746    0.10000000E+00
    658747    0.10000000E+00
    658748    0.10500000E+00
    658771    0.68500000E-01
    658772    0.82500000E-01
    658773    0.86875000E-01
    658774    0.86364000E-01
    658775    0.92500000E-01
    658776    0.93182000E-01
    658799    0.10187500E+00
    658800    0.99286000E-01
    658801    0.88750000E-01
    668172    0.10000000E+00
    668173    0.10000000E+00
    668174    0.10000000E+00
    668176    0.97222000E-01
    668177    0.97500000E-01
    668178    0.10000000E+00
    668179    0.10000000E+00
    668180    0.10000000E+00
    668181    0.10625000E+00
    668203    0.91000000E-01
    668204    0.90625000E-01
    668205    0.84500000E-01
    668206    0.84444000E-01
    668228    0.81500000E-01
    668229    0.82000000E-01
    677670    0.97500000E-01
    677671    0.97222000E-01
    677672    0.10450000E+00
    677673    0.97500000E-01
    677674    0.10000000E+00
    677675    0.10000000E+00
    677676    0.10000000E+00
    677699    0.96154000E-01
    677700    0.76667000E-01
    677701    0.86364000E-01
    687211    0.97917000E-01
    687212    0.97500000E-01
    687214    0.10000000E+00
    687215    0.10000000E+00
    687236    0.86818000E-01
    687237    0.75417000E-01
    696769    0.10000000E+00
    696770    0.10000000E+00
    696790    0.76250000E-01
    706348    0.10000000E+00
